0 0 0
0 1 0
0 2 0
0 3 0
0 4 0
0 5 0
0 6 0
0 7 0
0 8 0
0 9 0
0 10 0
0 11 0
0 12 0
0 13 0
0 14 0
0 15 0
0 16 0
0 17 0
0 18 0
0 19 0
0 20 0
0 21 0
0 22 0
0 23 0
0 24 0
0 25 0
0 26 0
0 27 0
0 28 0
0 29 0
0 30 0
0 31 0
0 32 0
0 33 0
0 34 0
0 35 0
0 36 0
0 37 0
0 38 0
0 39 0
0 40 0
0 41 0
0 42 0
0 43 0
0 44 0
0 45 0
0 46 0
0 47 0
0 48 0
0 49 0
0 50 0
0 51 0
0 52 0
0 53 0
0 54 0
0 55 0
0 56 0
0 57 0
0 58 0
0 59 0
0 60 0
0 61 0
0 62 0
0 63 0
0 64 0
0 65 0
0 66 0
0 67 0
0 68 0
0 69 0
0 70 0
0 71 0
0 72 0
0 73 0
0 74 0
0 75 0
0 76 0
0 77 0
0 78 0
0 79 0
0 80 0
0 81 0
0 82 0
0 83 0
0 84 0
0 85 0
0 86 0
0 87 0
0 88 0
0 89 0
0 90 0
0 91 0
0 92 0
0 93 0
0 94 0
0 95 0
0 96 0
0 97 0
0 98 0
0 99 0
1 0 0
1 1 -0.276242
1 2 0.0980923
1 3 0.157126
1 4 0.19534
1 5 0.0726272
1 6 0.276413
1 7 0.271032
1 8 0.365697
1 9 0.336462
1 10 0.418191
1 11 0.565347
1 12 0.547892
1 13 0.611849
1 14 0.678491
1 15 0.575159
1 16 0.650204
1 17 0.794617
1 18 0.787299
1 19 0.858091
1 20 0.93829
1 21 0.926263
1 22 0.982582
1 23 1.01382
1 24 0.990282
1 25 1.08185
1 26 1.1594
1 27 1.16603
1 28 1.2487
1 29 1.29435
1 30 1.26265
1 31 1.30776
1 32 1.36064
1 33 1.36121
1 34 1.41292
1 35 1.47456
1 36 1.48984
1 37 1.52774
1 38 1.56021
1 39 1.54558
1 40 1.56173
1 41 1.60145
1 42 1.60595
1 43 1.62729
1 44 1.67156
1 45 1.67482
1 46 1.66958
1 47 1.68731
1 48 1.68424
1 49 1.67114
1 50 1.6799
1 51 1.68009
1 52 1.67039
1 53 1.68056
1 54 1.6816
1 55 1.65249
1 56 1.63377
1 57 1.6267
1 58 1.59573
1 59 1.56849
1 60 1.5635
1 61 1.54062
1 62 1.51
1 63 1.49234
1 64 1.46239
1 65 1.42501
1 66 1.38742
1 67 1.35331
1 68 1.32006
1 69 1.27706
1 70 1.24964
1 71 1.21507
1 72 1.17244
1 73 1.1366
1 74 1.09539
1 75 1.05443
1 76 1.00475
1 77 0.970245
1 78 0.928816
1 79 0.887792
1 80 0.845746
1 81 0.807749
1 82 0.763984
1 83 0.715206
1 84 0.670678
1 85 0.622485
1 86 0.575631
1 87 0.527733
1 88 0.489087
1 89 0.444151
1 90 0.402221
1 91 0.358147
1 92 0.318746
1 93 0.270426
1 94 0.223784
1 95 0.176637
1 96 0.133168
1 97 0.0871614
1 98 0.0424436
1 99 0
2 0 0
2 1 0.0980923
2 2 -0.168593
2 3 0.277744
2 4 0.521671
2 5 0.466079
2 6 0.42548
2 7 0.631121
2 8 0.738484
2 9 0.836319
2 10 0.756184
2 11 0.940807
2 12 1.11025
2 13 1.12997
2 14 1.3736
2 15 1.44972
2 16 1.30022
2 17 1.45647
2 18 1.61882
2 19 1.62924
2 20 1.78988
2 21 1.90167
2 22 1.951
2 23 2.09996
2 24 2.12152
2 25 2.10778
2 26 2.25862
2 27 2.33851
2 28 2.38628
2 29 2.56276
2 30 2.63849
2 31 2.62846
2 32 2.72713
2 33 2.79281
2 34 2.79961
2 35 2.88839
2 36 2.97029
2 37 3.01368
2 38 3.10878
2 39 3.16677
2 40 3.15774
2 41 3.19822
2 42 3.24389
2 43 3.23968
2 44 3.28
2 45 3.34467
2 46 3.35163
2 47 3.3627
2 48 3.39918
2 49 3.39017
2 50 3.35978
2 51 3.35345
2 52 3.34358
2 53 3.33425
2 54 3.33636
2 55 3.31672
2 56 3.28331
2 57 3.2582
2 58 3.2167
2 59 3.16062
2 60 3.11122
2 61 3.06766
2 62 3.02369
2 63 2.9635
2 64 2.91245
2 65 2.86732
2 66 2.78505
2 67 2.71456
2 68 2.64802
2 69 2.56172
2 70 2.48854
2 71 2.41427
2 72 2.34836
2 73 2.26485
2 74 2.19199
2 75 2.12049
2 76 2.02918
2 77 1.94498
2 78 1.85788
2 79 1.78125
2 80 1.68366
2 81 1.60413
2 82 1.51635
2 83 1.43323
2 84 1.33568
2 85 1.25198
2 86 1.15766
2 87 1.06673
2 88 0.972696
2 89 0.892341
2 90 0.800983
2 91 0.714273
2 92 0.624175
2 93 0.543981
2 94 0.448855
2 95 0.360619
2 96 0.264826
2 97 0.181471
2 98 0.0838827
2 99 0
3 0 0
3 1 0.157126
3 2 0.277744
3 3 -0.0894105
3 4 0.552371
3 5 0.785236
3 6 0.833086
3 7 0.759425
3 8 1.06397
3 9 1.30214
3 10 1.38397
3 11 1.37691
3 12 1.59847
3 13 1.67822
3 14 1.79684
3 15 2.16047
3 16 2.24721
3 17 2.17915
3 18 2.38143
3 19 2.54322
3 20 2.61556
3 21 2.78455
3 22 2.89919
3 23 3.05164
3 24 3.2576
3 25 3.30692
3 26 3.37065
3 27 3.53435
3 28 3.60264
3 29 3.70215
3 30 3.91377
3 31 4.01513
3 32 4.06723
3 33 4.20704
3 34 4.29625
3 35 4.34234
3 36 4.44114
3 37 4.51689
3 38 4.59064
3 39 4.71625
3 40 4.78976
3 41 4.81611
3 42 4.88298
3 43 4.92631
3 44 4.92581
3 45 4.97077
3 46 5.02859
3 47 5.04215
3 48 5.06719
3 49 5.10019
3 50 5.07985
3 51 5.04864
3 52 5.0457
3 53 5.021
3 54 4.97434
3 55 4.95473
3 56 4.93408
3 57 4.87534
3 58 4.82386
3 59 4.77933
3 60 4.68912
3 61 4.60246
3 62 4.54208
3 63 4.44618
3 64 4.35336
3 65 4.27755
3 66 4.18181
3 67 4.08295
3 68 3.97091
3 69 3.86657
3 70 3.7481
3 71 3.62244
3 72 3.52
3 73 3.39804
3 74 3.28481
3 75 3.167
3 76 3.05759
3 77 2.92775
3 78 2.79541
3 79 2.67073
3 80 2.53603
3 81 2.40069
3 82 2.26197
3 83 2.13939
3 84 2.00085
3 85 1.87369
3 86 1.739
3 87 1.61413
3 88 1.4692
3 89 1.33988
3 90 1.20204
3 91 1.07317
3 92 0.929548
3 93 0.803812
3 94 0.669768
3 95 0.542467
3 96 0.402001
3 97 0.272285
3 98 0.134619
3 99 0
4 0 0
4 1 0.19534
4 2 0.521671
4 3 0.552371
4 4 0.26924
4 5 0.914683
4 6 1.24592
4 7 1.29619
4 8 1.1746
4 9 1.59476
4 10 1.84063
4 11 1.98478
4 12 2.15515
4 13 2.34914
4 14 2.4005
4 15 2.60564
4 16 2.96449
4 17 3.1031
4 18 3.13215
4 19 3.34106
4 20 3.5868
4 21 3.73831
4 22 3.87197
4 23 4.02214
4 24 4.23047
4 25 4.43229
4 26 4.55906
4 27 4.70848
4 28 4.8758
4 29 4.98527
4 30 5.12956
4 31 5.33261
4 32 5.46694
4 33 5.56435
4 34 5.71254
4 35 5.85174
4 36 5.95545
4 37 6.05529
4 38 6.14347
4 39 6.24431
4 40 6.3612
4 41 6.4423
4 42 6.50449
4 43 6.58044
4 44 6.62927
4 45 6.65182
4 46 6.69845
4 47 6.74911
4 48 6.76394
4 49 6.76495
4 50 6.76715
4 51 6.76121
4 52 6.75153
4 53 6.72039
4 54 6.66062
4 55 6.61447
4 56 6.57576
4 57 6.50238
4 58 6.42695
4 59 6.3624
4 60 6.26878
4 61 6.16358
4 62 6.05792
4 63 5.94334
4 64 5.82685
4 65 5.69304
4 66 5.56717
4 67 5.44286
4 68 5.29646
4 69 5.1591
4 70 5.00976
4 71 4.85672
4 72 4.69998
4 73 4.54342
4 74 4.38838
4 75 4.22008
4 76 4.06603
4 77 3.90002
4 78 3.73287
4 79 3.55348
4 80 3.38465
4 81 3.20574
4 82 3.02558
4 83 2.8462
4 84 2.67232
4 85 2.49497
4 86 2.31745
4 87 2.14388
4 88 1.96753
4 89 1.78681
4 90 1.60645
4 91 1.42909
4 92 1.25021
4 93 1.06865
4 94 0.891471
4 95 0.71468
4 96 0.539096
4 97 0.357309
4 98 0.182737
4 99 0
5 0 0
5 1 0.0726272
5 2 0.466079
5 3 0.785236
5 4 0.914683
5 5 0.607975
5 6 1.364
5 7 1.80358
5 8 1.84375
5 9 1.79417
5 10 2.24095
5 11 2.39674
5 12 2.6716
5 13 2.95494
5 14 3.14471
5 15 3.28909
5 16 3.52856
5 17 3.87304
5 18 4.09345
5 19 4.13127
5 20 4.34155
5 21 4.7109
5 22 4.90977
5 23 5.06136
5 24 5.29514
5 25 5.50084
5 26 5.69221
5 27 5.89682
5 28 6.0788
5 29 6.26528
5 30 6.45337
5 31 6.63054
5 32 6.84131
5 33 7.0269
5 34 7.13255
5 35 7.26988
5 36 7.4598
5 37 7.59851
5 38 7.70592
5 39 7.83698
5 40 7.9587
5 41 8.05895
5 42 8.15255
5 43 8.22791
5 44 8.28965
5 45 8.35006
5 46 8.39939
5 47 8.44389
5 48 8.48472
5 49 8.48727
5 50 8.462
5 51 8.45881
5 52 8.45755
5 53 8.41
5 54 8.34579
5 55 8.29703
5 56 8.23178
5 57 8.14379
5 58 8.05651
5 59 7.9551
5 60 7.83736
5 61 7.71843
5 62 7.58218
5 63 7.43687
5 64 7.29387
5 65 7.13845
5 66 6.97501
5 67 6.80419
5 68 6.63291
5 69 6.45727
5 70 6.26802
5 71 6.08072
5 72 5.88835
5 73 5.69243
5 74 5.49158
5 75 5.28764
5 76 5.08168
5 77 4.87076
5 78 4.66065
5 79 4.44286
5 80 4.22558
5 81 4.00653
5 82 3.78926
5 83 3.56627
5 84 3.34478
5 85 3.12196
5 86 2.9002
5 87 2.67518
5 88 2.45363
5 89 2.23147
5 90 2.01076
5 91 1.7866
5 92 1.56464
5 93 1.34109
5 94 1.11842
5 95 0.892822
5 96 0.671072
5 97 0.446194
5 98 0.224402
5 99 0
6 0 0
6 1 0.276413
6 2 0.42548
6 3 0.833086
6 4 1.24592
6 5 1.364
6 6 1.02665
6 7 1.905
6 8 2.33382
6 9 2.46526
6 10 2.57573
6 11 2.97934
6 12 3.11145
6 13 3.48232
6 14 3.76223
6 15 4.00774
6 16 4.24992
6 17 4.49914
6 18 4.92133
6 19 5.21405
6 20 5.22206
6 21 5.46487
6 22 5.89432
6 23 6.10307
6 24 6.33459
6 25 6.64964
6 26 6.85432
6 27 7.08254
6 28 7.33564
6 29 7.51338
6 30 7.73243
6 31 7.97456
6 32 8.16913
6 33 8.42522
6 34 8.66818
6 35 8.77516
6 36 8.91783
6 37 9.13697
6 38 9.27741
6 39 9.39698
6 40 9.56695
6 41 9.69971
6 42 9.8024
6 43 9.91607
6 44 9.99088
6 45 10.0411
6 46 10.1103
6 47 10.1544
6 48 10.1697
6 49 10.2009
6 50 10.2153
6 51 10.1867
6 52 10.1581
6 53 10.1249
6 54 10.0512
6 55 9.96561
6 56 9.88955
6 57 9.79486
6 58 9.68152
6 59 9.56724
6 60 9.4343
6 61 9.27884
6 62 9.11879
6 63 8.94694
6 64 8.7608
6 65 8.57297
6 66 8.38725
6 67 8.18804
6 68 7.97208
6 69 7.76473
6 70 7.54682
6 71 7.31072
6 72 7.07369
6 73 6.83708
6 74 6.59696
6 75 6.34374
6 76 6.09961
6 77 5.84931
6 78 5.59524
6 79 5.33596
6 80 5.07769
6 81 4.81292
6 82 4.54578
6 83 4.2813
6 84 4.0146
6 85 3.74626
6 86 3.47866
6 87 3.21563
6 88 2.94791
6 89 2.6795
6 90 2.41209
6 91 2.14764
6 92 1.87735
6 93 1.60648
6 94 1.33928
6 95 1.073
6 96 0.806411
6 97 0.536831
6 98 0.270147
6 99 0
7 0 0
7 1 0.271032
7 2 0.631121
7 3 0.759425
7 4 1.29619
7 5 1.80358
7 6 1.905
7 7 1.65087
7 8 2.54123
7 9 2.87866
7 10 3.17529
7 11 3.37637
7 12 3.78255
7 13 4.00184
7 14 4.39936
7 15 4.67727
7 16 4.99444
7 17 5.24206
7 18 5.52058
7 19 6.05726
7 20 6.39063
7 21 6.43647
7 22 6.73764
7 23 7.15779
7 24 7.38242
7 25 7.68618
7 26 8.03508
7 27 8.27546
7 28 8.57209
7 29 8.85488
7 30 9.05236
7 31 9.30841
7 32 9.55743
7 33 9.76375
7 34 10.0682
7 35 10.3463
7 36 10.4769
7 37 10.6515
7 38 10.882
7 39 11.0191
7 40 11.1494
7 41 11.3282
7 42 11.4606
7 43 11.5761
7 44 11.7087
7 45 11.7901
7 46 11.8397
7 47 11.8929
7 48 11.9017
7 49 11.8958
7 50 11.9313
7 51 11.9391
7 52 11.8831
7 53 11.8342
7 54 11.7835
7 55 11.68
7 56 11.5613
7 57 11.4498
7 58 11.3188
7 59 11.1729
7 60 11.0237
7 61 10.8613
7 62 10.6696
7 63 10.4677
7 64 10.2644
7 65 10.0261
7 66 9.79404
7 67 9.57184
7 68 9.32156
7 69 9.07017
7 70 8.81472
7 71 8.559
7 72 8.27301
7 73 7.98502
7 74 7.70601
7 75 7.41015
7 76 7.11573
7 77 6.81948
7 78 6.53511
7 79 6.22886
7 80 5.93147
7 81 5.62253
7 82 5.3149
7 83 4.9932
7 84 4.68582
7 85 4.37046
7 86 4.05962
7 87 3.7455
7 88 3.4442
7 89 3.13053
7 90 2.81831
7 91 2.50151
7 92 2.1962
7 93 1.87608
7 94 1.56322
7 95 1.24449
7 96 0.940264
7 97 0.624005
7 98 0.316868
7 99 0
8 0 0
8 1 0.365697
8 2 0.738484
8 3 1.06397
8 4 1.1746
8 5 1.84375
8 6 2.33382
8 7 2.54123
8 8 2.43806
8 9 3.26844
8 10 3.58354
8 11 3.99055
8 12 4.17808
8 13 4.66297
8 14 4.96419
8 15 5.37806
8 16 5.74646
8 17 6.10285
8 18 6.32321
8 19 6.65854
8 20 7.23862
8 21 7.598
8 22 7.75114
8 23 8.09984
8 24 8.51796
8 25 8.79835
8 26 9.12764
8 27 9.48055
8 28 9.77644
8 29 10.1153
8 30 10.4278
8 31 10.6885
8 32 10.9763
8 33 11.2233
8 34 11.4538
8 35 11.7744
8 36 12.0602
8 37 12.2319
8 38 12.4363
8 39 12.6709
8 40 12.826
8 41 12.9669
8 42 13.1329
8 43 13.2636
8 44 13.3889
8 45 13.5209
8 46 13.5977
8 47 13.6396
8 48 13.6752
8 49 13.6714
8 50 13.6536
8 51 13.6607
8 52 13.6383
8 53 13.5596
8 54 13.4834
8 55 13.4109
8 56 13.283
8 57 13.1245
8 58 12.9825
8 59 12.8109
8 60 12.6146
8 61 12.4371
8 62 12.227
8 63 11.9945
8 64 11.7674
8 65 11.5088
8 66 11.2372
8 67 10.9561
8 68 10.6813
8 69 10.39
8 70 10.0775
8 71 9.78737
8 72 9.47392
8 73 9.15103
8 74 8.81459
8 75 8.48987
8 76 8.15013
8 77 7.80256
8 78 7.46519
8 79 7.12171
8 80 6.77803
8 81 6.42364
8 82 6.08094
8 83 5.71777
8 84 5.36284
8 85 5.0001
8 86 4.64919
8 87 4.28029
8 88 3.92873
8 89 3.57208
8 90 3.22434
8 91 2.8583
8 92 2.50787
8 93 2.14899
8 94 1.79468
8 95 1.42688
8 96 1.06931
8 97 0.710971
8 98 0.35636
8 99 0
9 0 0
9 1 0.336462
9 2 0.836319
9 3 1.30214
9 4 1.59476
9 5 1.79417
9 6 2.46526
9 7 2.87866
9 8 3.26844
9 9 3.24322
9 10 4.08061
9 11 4.46855
9 12 4.90313
9 13 5.08856
9 14 5.65332
9 15 5.94835
9 16 6.4201
9 17 6.90818
9 18 7.27849
9 19 7.5451
9 20 7.93745
9 21 8.49078
9 22 8.89099
9 23 9.13756
9 24 9.5001
9 25 9.96605
9 26 10.3232
9 27 10.6572
9 28 11.0383
9 29 11.3799
9 30 11.7156
9 31 12.064
9 32 12.3902
9 33 12.6969
9 34 12.9713
9 35 13.2404
9 36 13.5533
9 37 13.8437
9 38 14.0496
9 39 14.255
9 40 14.4919
9 41 14.6791
9 42 14.8273
9 43 14.9869
9 44 15.1285
9 45 15.2413
9 46 15.3372
9 47 15.4017
9 48 15.4424
9 49 15.4623
9 50 15.4433
9 51 15.4138
9 52 15.3906
9 53 15.3235
9 54 15.2174
9 55 15.119
9 56 14.9973
9 57 14.8359
9 58 14.6634
9 59 14.4665
9 60 14.2538
9 61 14.0322
9 62 13.7874
9 63 13.5395
9 64 13.2676
9 65 12.9839
9 66 12.6939
9 67 12.3662
9 68 12.0476
9 69 11.7175
9 70 11.3717
9 71 11.0186
9 72 10.6641
9 73 10.3143
9 74 9.93561
9 75 9.56544
9 76 9.18376
9 77 8.80333
9 78 8.40635
9 79 8.01788
9 80 7.62438
9 81 7.23067
9 82 6.83525
9 83 6.4408
9 84 6.03964
9 85 5.63376
9 86 5.23173
9 87 4.82787
9 88 4.42068
9 89 4.01599
9 90 3.61941
9 91 3.22096
9 92 2.81648
9 93 2.41618
9 94 2.01503
9 95 1.61565
9 96 1.20558
9 97 0.803956
9 98 0.396902
9 99 0
10 0 0
10 1 0.418191
10 2 0.756184
10 3 1.38397
10 4 1.84063
10 5 2.24095
10 6 2.57573
10 7 3.17529
10 8 3.58354
10 9 4.08061
10 10 4.04672
10 11 4.98082
10 12 5.42511
10 13 5.89371
10 14 6.16193
10 15 6.75309
10 16 7.02059
10 17 7.56968
10 18 8.10432
10 19 8.50037
10 20 8.88226
10 21 9.30997
10 22 9.85336
10 23 10.3192
10 24 10.6
10 25 10.9629
10 26 11.4952
10 27 11.9042
10 28 12.2618
10 29 12.7099
10 30 13.0801
10 31 13.408
10 32 13.7952
10 33 14.1491
10 34 14.4634
10 35 14.7862
10 36 15.0905
10 37 15.3995
10 38 15.7093
10 39 15.9342
10 40 16.1224
10 41 16.36
10 42 16.569
10 43 16.7182
10 44 16.8782
10 45 17.0206
10 46 17.1052
10 47 17.1779
10 48 17.2378
10 49 17.2482
10 50 17.2352
10 51 17.2167
10 52 17.1649
10 53 17.0857
10 54 17.0011
10 55 16.8785
10 56 16.7122
10 57 16.5505
10 58 16.3672
10 59 16.1343
10 60 15.9008
10 61 15.6551
10 62 15.3797
10 63 15.0971
10 64 14.7916
10 65 14.4741
10 66 14.1405
10 67 13.7863
10 68 13.4249
10 69 13.0461
10 70 12.6698
10 71 12.2771
10 72 11.8754
10 73 11.4726
10 74 11.0631
10 75 10.6465
10 76 10.2159
10 77 9.78996
10 78 9.35564
10 79 8.9227
10 80 8.48022
10 81 8.04337
10 82 7.59934
10 83 7.15819
10 84 6.71053
10 85 6.26512
10 86 5.81295
10 87 5.3672
10 88 4.91839
10 89 4.47118
10 90 4.01926
10 91 3.5766
10 92 3.12889
10 93 2.68424
10 94 2.23363
10 95 1.79132
10 96 1.34251
10 97 0.896525
10 98 0.444759
10 99 0
11 0 0
11 1 0.565347
11 2 0.940807
11 3 1.37691
11 4 1.98478
11 5 2.39674
11 6 2.97934
11 7 3.37637
11 8 3.99055
11 9 4.46855
11 10 4.98082
11 11 4.9588
11 12 5.9756
11 13 6.39854
11 14 6.96308
11 15 7.3311
11 16 7.93073
11 17 8.24609
11 18 8.84564
11 19 9.36212
11 20 9.80994
11 21 10.2861
11 22 10.731
11 23 11.326
11 24 11.8604
11 25 12.1546
11 26 12.5434
11 27 13.1144
11 28 13.5403
11 29 13.9438
11 30 14.4553
11 31 14.8498
11 32 15.205
11 33 15.6275
11 34 15.9813
11 35 16.3054
11 36 16.6653
11 37 16.9828
11 38 17.2984
11 39 17.6362
11 40 17.874
11 41 18.0543
11 42 18.2949
11 43 18.5039
11 44 18.6323
11 45 18.7772
11 46 18.917
11 47 18.9921
11 48 19.0463
11 49 19.0791
11 50 19.0635
11 51 19.0306
11 52 18.9731
11 53 18.8742
11 54 18.773
11 55 18.6585
11 56 18.4874
11 57 18.2858
11 58 18.0783
11 59 17.8428
11 60 17.5696
11 61 17.28
11 62 16.9883
11 63 16.6728
11 64 16.329
11 65 15.9796
11 66 15.6105
11 67 15.2145
11 68 14.8108
11 69 14.3946
11 70 13.9672
11 71 13.5347
11 72 13.0983
11 73 12.6492
11 74 12.1885
11 75 11.7305
11 76 11.2622
11 77 10.7842
11 78 10.3009
11 79 9.82458
11 80 9.34192
11 81 8.8543
11 82 8.36549
11 83 7.87882
11 84 7.38677
11 85 6.89429
11 86 6.40127
11 87 5.90643
11 88 5.40974
11 89 4.91769
11 90 4.42528
11 91 3.93307
11 92 3.44006
11 93 2.95204
11 94 2.46041
11 95 1.96837
11 96 1.47414
11 97 0.984478
11 98 0.490361
11 99 0
12 0 0
12 1 0.547892
12 2 1.11025
12 3 1.59847
12 4 2.15515
12 5 2.6716
12 6 3.11145
12 7 3.78255
12 8 4.17808
12 9 4.90313
12 10 5.42511
12 11 5.9756
12 12 6.03619
12 13 7.06525
12 14 7.45847
12 15 8.1312
12 16 8.52755
12 17 9.17353
12 18 9.59885
12 19 10.2164
12 20 10.74
12 21 11.2481
12 22 11.7534
12 23 12.2202
12 24 12.8843
12 25 13.4632
12 26 13.8041
12 27 14.2488
12 28 14.83
12 29 15.2739
12 30 15.7203
12 31 16.2552
12 32 16.6809
12 33 17.0862
12 34 17.5346
12 35 17.8977
12 36 18.2433
12 37 18.6133
12 38 18.9266
12 39 19.2521
12 40 19.6065
12 41 19.8569
12 42 20.0484
12 43 20.2836
12 44 20.467
12 45 20.5741
12 46 20.711
12 47 20.8339
12 48 20.8773
12 49 20.9112
12 50 20.9374
12 51 20.8932
12 52 20.8086
12 53 20.7143
12 54 20.5817
12 55 20.4267
12 56 20.2683
12 57 20.0646
12 58 19.8147
12 59 19.5591
12 60 19.2814
12 61 18.9515
12 62 18.6032
12 63 18.2606
12 64 17.8832
12 65 17.485
12 66 17.0867
12 67 16.6615
12 68 16.2165
12 69 15.7558
12 70 15.2914
12 71 14.8039
12 72 14.3135
12 73 13.8284
12 74 13.3238
12 75 12.8153
12 76 12.3031
12 77 11.7955
12 78 11.2609
12 79 10.7302
12 80 10.1975
12 81 9.66985
12 82 9.12824
12 83 8.59773
12 84 8.06275
12 85 7.52847
12 86 6.98544
12 87 6.45064
12 88 5.90573
12 89 5.36487
12 90 4.82222
12 91 4.29234
12 92 3.75166
12 93 3.21771
12 94 2.67972
12 95 2.15073
12 96 1.60883
12 97 1.07478
12 98 0.534406
12 99 0
13 0 0
13 1 0.611849
13 2 1.12997
13 3 1.67822
13 4 2.34914
13 5 2.95494
13 6 3.48232
13 7 4.00184
13 8 4.66297
13 9 5.08856
13 10 5.89371
13 11 6.39854
13 12 7.06525
13 13 7.21027
13 14 8.2439
13 15 8.6782
13 16 9.40714
13 17 9.77952
13 18 10.5061
13 19 11.0154
13 20 11.6501
13 21 12.2462
13 22 12.7992
13 23 13.3167
13 24 13.8262
13 25 14.5206
13 26 15.1239
13 27 15.5429
13 28 16.0393
13 29 16.6338
13 30 17.1272
13 31 17.5988
13 32 18.13
13 33 18.592
13 34 19.0338
13 35 19.4965
13 36 19.8899
13 37 20.2596
13 38 20.6276
13 39 20.9455
13 40 21.2774
13 41 21.6262
13 42 21.8824
13 43 22.075
13 44 22.2883
13 45 22.4647
13 46 22.5742
13 47 22.6752
13 48 22.7499
13 49 22.7769
13 50 22.7951
13 51 22.7787
13 52 22.6934
13 53 22.5791
13 54 22.4452
13 55 22.2618
13 56 22.0541
13 57 21.8485
13 58 21.5956
13 59 21.2899
13 60 20.9891
13 61 20.6548
13 62 20.2654
13 63 19.8679
13 64 19.4528
13 65 19.0214
13 66 18.5663
13 67 18.1075
13 68 17.6363
13 69 17.1268
13 70 16.6231
13 71 16.094
13 72 15.5542
13 73 15.005
13 74 14.4654
13 75 13.9121
13 76 13.3451
13 77 12.7896
13 78 12.224
13 79 11.6497
13 80 11.0598
13 81 10.4876
13 82 9.90055
13 83 9.31972
13 84 8.73127
13 85 8.15761
13 86 7.56702
13 87 6.98841
13 88 6.40153
13 89 5.82266
13 90 5.22664
13 91 4.64603
13 92 4.06203
13 93 3.48458
13 94 2.8978
13 95 2.32264
13 96 1.74451
13 97 1.16456
13 98 0.583761
13 99 0
14 0 0
14 1 0.678491
14 2 1.3736
14 3 1.79684
14 4 2.4005
14 5 3.14471
14 6 3.76223
14 7 4.39936
14 8 4.96419
14 9 5.65332
14 10 6.16193
14 11 6.96308
14 12 7.45847
14 13 8.2439
14 14 8.40862
14 15 9.50936
14 16 10.0312
14 17 10.7775
14 18 11.1583
14 19 11.9539
14 20 12.4864
14 21 13.1604
14 22 13.8422
14 23 14.4219
14 24 14.9936
14 25 15.558
14 26 16.2506
14 27 16.886
14 28 17.372
14 29 17.8896
14 30 18.5181
14 31 19.0788
14 32 19.5651
14 33 20.1025
14 34 20.6023
14 35 21.0528
14 36 21.5203
14 37 21.9461
14 38 22.3303
14 39 22.7061
14 40 23.0474
14 41 23.3762
14 42 23.6987
14 43 23.9457
14 44 24.1307
14 45 24.329
14 46 24.4992
14 47 24.586
14 48 24.6456
14 49 24.6971
14 50 24.6999
14 51 24.6659
14 52 24.5983
14 53 24.478
14 54 24.3288
14 55 24.1442
14 56 23.9079
14 57 23.6598
14 58 23.3883
14 59 23.0679
14 60 22.7187
14 61 22.3405
14 62 21.9474
14 63 21.5135
14 64 21.0451
14 65 20.5825
14 66 20.0821
14 67 19.5727
14 68 19.0514
14 69 18.5099
14 70 17.9554
14 71 17.3824
14 72 16.8114
14 73 16.208
14 74 15.6142
14 75 15.0113
14 76 14.4064
14 77 13.7843
14 78 13.1738
14 79 12.5606
14 80 11.9355
14 81 11.3045
14 82 10.6763
14 83 10.0463
14 84 9.40992
14 85 8.78051
14 86 8.15167
14 87 7.52245
14 88 6.89184
14 89 6.26672
14 90 5.63854
14 91 5.00393
14 92 4.37521
14 93 3.74841
14 94 3.125
14 95 2.49341
14 96 1.87476
14 97 1.24768
14 98 0.630687
14 99 0
15 0 0
15 1 0.575159
15 2 1.44972
15 3 2.16047
15 4 2.60564
15 5 3.28909
15 6 4.00774
15 7 4.67727
15 8 5.37806
15 9 5.94835
15 10 6.75309
15 11 7.3311
15 12 8.1312
15 13 8.6782
15 14 9.50936
15 15 9.66018
15 16 10.8675
15 17 11.4454
15 18 12.2284
15 19 12.6776
15 20 13.5091
15 21 14.0573
15 22 14.7826
15 23 15.5058
15 24 16.1113
15 25 16.7708
15 26 17.3821
15 27 18.0871
15 28 18.7766
15 29 19.2968
15 30 19.8186
15 31 20.4893
15 32 21.1008
15 33 21.6031
15 34 22.1714
15 35 22.7051
15 36 23.1529
15 37 23.6281
15 38 24.0753
15 39 24.4616
15 40 24.851
15 41 25.2093
15 42 25.5174
15 43 25.8189
15 44 26.0724
15 45 26.2416
15 46 26.3948
15 47 26.5384
15 48 26.6069
15 49 26.6307
15 50 26.6522
15 51 26.6227
15 52 26.5267
15 53 26.409
15 54 26.2581
15 55 26.0416
15 56 25.7949
15 57 25.5248
15 58 25.2022
15 59 24.8632
15 60 24.4946
15 61 24.0669
15 62 23.6306
15 63 23.17
15 64 22.6759
15 65 22.1565
15 66 21.6134
15 67 21.0664
15 68 20.4866
15 69 19.9021
15 70 19.3016
15 71 18.6844
15 72 18.0605
15 73 17.4206
15 74 16.7755
15 75 16.1154
15 76 15.4662
15 77 14.8005
15 78 14.1357
15 79 13.4643
15 80 12.8024
15 81 12.1242
15 82 11.4487
15 83 10.7686
15 84 10.0946
15 85 9.4117
15 86 8.73671
15 87 8.05757
15 88 7.38447
15 89 6.70507
15 90 6.03759
15 91 5.36172
15 92 4.69144
15 93 4.01389
15 94 3.34818
15 95 2.67285
15 96 2.00664
15 97 1.33369
15 98 0.669975
15 99 0
16 0 0
16 1 0.650204
16 2 1.30022
16 3 2.24721
16 4 2.96449
16 5 3.52856
16 6 4.24992
16 7 4.99444
16 8 5.74646
16 9 6.4201
16 10 7.02059
16 11 7.93073
16 12 8.52755
16 13 9.40714
16 14 10.0312
16 15 10.8675
16 16 11.0406
16 17 12.3246
16 18 12.909
16 19 13.7669
16 20 14.2902
16 21 15.1472
16 22 15.7573
16 23 16.5241
16 24 17.258
16 25 17.9031
16 26 18.6332
16 27 19.2749
16 28 20.0255
16 29 20.7769
16 30 21.3178
16 31 21.857
16 32 22.5598
16 33 23.1943
16 34 23.7195
16 35 24.3215
16 36 24.8786
16 37 25.3395
16 38 25.836
16 39 26.2917
16 40 26.6682
16 41 27.0542
16 42 27.404
16 43 27.6996
16 44 28.0036
16 45 28.2462
16 46 28.3735
16 47 28.489
16 48 28.6053
16 49 28.6351
16 50 28.6219
16 51 28.6064
16 52 28.5208
16 53 28.38
16 54 28.2203
16 55 27.9942
16 56 27.7144
16 57 27.41
16 58 27.062
16 59 26.6823
16 60 26.2766
16 61 25.841
16 62 25.3636
16 63 24.8436
16 64 24.3187
16 65 23.7611
16 66 23.1633
16 67 22.5608
16 68 21.9451
16 69 21.3129
16 70 20.6596
16 71 20.0012
16 72 19.3252
16 73 18.6331
16 74 17.938
16 75 17.2334
16 76 16.5259
16 77 15.8142
16 78 15.1049
16 79 14.3831
16 80 13.6642
16 81 12.9431
16 82 12.2234
16 83 11.4943
16 84 10.7694
16 85 10.0435
16 86 9.321
16 87 8.59382
16 88 7.87474
16 89 7.15324
16 90 6.43584
16 91 5.71485
16 92 4.99985
16 93 4.28161
16 94 3.56805
16 95 2.8511
16 96 2.13891
16 97 1.42487
16 98 0.712127
16 99 0
17 0 0
17 1 0.794617
17 2 1.45647
17 3 2.17915
17 4 3.1031
17 5 3.87304
17 6 4.49914
17 7 5.24206
17 8 6.10285
17 9 6.90818
17 10 7.56968
17 11 8.24609
17 12 9.17353
17 13 9.77952
17 14 10.7775
17 15 11.4454
17 16 12.3246
17 17 12.5653
17 18 13.8801
17 19 14.4741
17 20 15.4094
17 21 15.9647
17 22 16.8642
17 23 17.5671
17 24 18.3612
17 25 19.1287
17 26 19.8242
17 27 20.585
17 28 21.2522
17 29 22.0583
17 30 22.8567
17 31 23.4305
17 32 24.0098
17 33 24.7323
17 34 25.3825
17 35 25.9331
17 36 26.5491
17 37 27.1256
17 38 27.6179
17 39 28.1308
17 40 28.5795
17 41 28.9428
17 42 29.3184
17 43 29.658
17 44 29.9372
17 45 30.2167
17 46 30.4346
17 47 30.5365
17 48 30.6131
17 49 30.6913
17 50 30.6883
17 51 30.6145
17 52 30.5333
17 53 30.408
17 54 30.2074
17 55 29.9725
17 56 29.693
17 57 29.3411
17 58 28.9584
17 59 28.5525
17 60 28.0941
17 61 27.6159
17 62 27.1209
17 63 26.5649
17 64 25.9755
17 65 25.379
17 66 24.7506
17 67 24.0871
17 68 23.4098
17 69 22.7347
17 70 22.0327
17 71 21.3158
17 72 20.598
17 73 19.8621
17 74 19.1126
17 75 18.3548
17 76 17.5994
17 77 16.8289
17 78 16.0657
17 79 15.3006
17 80 14.5363
17 81 13.7617
17 82 12.9954
17 83 12.2232
17 84 11.4491
17 85 10.6695
17 86 9.90286
17 87 9.13158
17 88 8.36352
17 89 7.5941
17 90 6.83589
17 91 6.07091
17 92 5.30957
17 93 4.54476
17 94 3.7896
17 95 3.02789
17 96 2.26971
17 97 1.51092
17 98 0.756166
17 99 0
18 0 0
18 1 0.787299
18 2 1.61882
18 3 2.38143
18 4 3.13215
18 5 4.09345
18 6 4.92133
18 7 5.52058
18 8 6.32321
18 9 7.27849
18 10 8.10432
18 11 8.84564
18 12 9.59885
18 13 10.5061
18 14 11.1583
18 15 12.2284
18 16 12.909
18 17 13.8801
18 18 14.1842
18 19 15.5301
18 20 16.1767
18 21 17.1598
18 22 17.7242
18 23 18.6815
18 24 19.4574
18 25 20.2778
18 26 21.1197
18 27 21.8624
18 28 22.6406
18 29 23.3462
18 30 24.1893
18 31 25.0151
18 32 25.6375
18 33 26.2613
18 34 26.9986
18 35 27.6792
18 36 28.2568
18 37 28.8731
18 38 29.4663
18 39 29.9761
18 40 30.4767
18 41 30.9211
18 42 31.2938
18 43 31.6578
18 44 31.9659
18 45 32.2153
18 46 32.4673
18 47 32.6486
18 48 32.7143
18 49 32.7632
18 50 32.7979
18 51 32.7287
18 52 32.5944
18 53 32.4532
18 54 32.2511
18 55 31.9791
18 56 31.683
18 57 31.3325
18 58 30.9086
18 59 30.4606
18 60 29.9733
18 61 29.4311
18 62 28.8793
18 63 28.2996
18 64 27.6742
18 65 27.0139
18 66 26.3431
18 67 25.6514
18 68 24.9084
18 69 24.1665
18 70 23.4147
18 71 22.6494
18 72 21.8681
18 73 21.0889
18 74 20.2985
18 75 19.4846
18 76 18.6753
18 77 17.8568
18 78 17.0386
18 79 16.2127
18 80 15.4039
18 81 14.5813
18 82 13.7644
18 83 12.9424
18 84 12.133
18 85 11.3041
18 86 10.4848
18 87 9.66407
18 88 8.85529
18 89 8.03396
18 90 7.22718
18 91 6.42099
18 92 5.62195
18 93 4.81103
18 94 4.00711
18 95 3.20505
18 96 2.40218
18 97 1.59936
18 98 0.795691
18 99 0
19 0 0
19 1 0.858091
19 2 1.62924
19 3 2.54322
19 4 3.34106
19 5 4.13127
19 6 5.21405
19 7 6.05726
19 8 6.65854
19 9 7.5451
19 10 8.50037
19 11 9.36212
19 12 10.2164
19 13 11.0154
19 14 11.9539
19 15 12.6776
19 16 13.7669
19 17 14.4741
19 18 15.5301
19 19 15.8626
19 20 17.274
19 21 17.9943
19 22 19.0075
19 23 19.6084
19 24 20.619
19 25 21.4316
19 26 22.288
19 27 23.2132
19 28 23.9919
19 29 24.8091
19 30 25.568
19 31 26.4284
19 32 27.2804
19 33 27.9518
19 34 28.6006
19 35 29.3566
19 36 30.0851
19 37 30.6879
19 38 31.2982
19 39 31.8965
19 40 32.4
19 41 32.8844
19 42 33.339
19 43 33.7087
19 44 34.0387
19 45 34.3276
19 46 34.5541
19 47 34.7485
19 48 34.8859
19 49 34.9262
19 50 34.9136
19 51 34.8721
19 52 34.7521
19 53 34.5583
19 54 34.3325
19 55 34.0542
19 56 33.7177
19 57 33.3387
19 58 32.9026
19 59 32.4143
19 60 31.8778
19 61 31.3042
19 62 30.6919
19 63 30.0465
19 64 29.3949
19 65 28.6865
19 66 27.9497
19 67 27.2065
19 68 26.4318
19 69 25.6332
19 70 24.8103
19 71 23.9995
19 72 23.1593
19 73 22.3181
19 74 21.4703
19 75 20.6212
19 76 19.7538
19 77 18.8868
19 78 18.0187
19 79 17.1413
19 80 16.268
19 81 15.3995
19 82 14.5342
19 83 13.6609
19 84 12.7999
19 85 11.9374
19 86 11.0706
19 87 10.1993
19 88 9.33995
19 89 8.48238
19 90 7.62169
19 91 6.76619
19 92 5.9189
19 93 5.07799
19 94 4.22471
19 95 3.38155
19 96 2.53189
19 97 1.69249
19 98 0.838811
19 99 0
20 0 0
20 1 0.93829
20 2 1.78988
20 3 2.61556
20 4 3.5868
20 5 4.34155
20 6 5.22206
20 7 6.39063
20 8 7.23862
20 9 7.93745
20 10 8.88226
20 11 9.80994
20 12 10.74
20 13 11.6501
20 14 12.4864
20 15 13.5091
20 16 14.2902
20 17 15.4094
20 18 16.1767
20 19 17.274
20 20 17.6244
20 21 19.1166
20 22 19.8894
20 23 20.9466
20 24 21.6258
20 25 22.674
20 26 23.5183
20 27 24.4195
20 28 25.4039
20 29 26.2132
20 30 27.0911
20 31 27.902
20 32 28.7804
20 33 29.6733
20 34 30.3812
20 35 31.0413
20 36 31.8233
20 37 32.5899
20 38 33.1994
20 39 33.804
20 40 34.4131
20 41 34.9146
20 42 35.3818
20 43 35.8222
20 44 36.1717
20 45 36.477
20 46 36.7374
20 47 36.9179
20 48 37.063
20 49 37.1564
20 50 37.1339
20 51 37.0389
20 52 36.9257
20 53 36.7529
20 54 36.483
20 55 36.1671
20 56 35.8257
20 57 35.3996
20 58 34.918
20 59 34.4078
20 60 33.8233
20 61 33.2047
20 62 32.5504
20 63 31.8487
20 64 31.1307
20 65 30.3773
20 66 29.5983
20 67 28.778
20 68 27.953
20 69 27.1123
20 70 26.2365
20 71 25.3544
20 72 24.4605
20 73 23.5689
20 74 22.6535
20 75 21.7506
20 76 20.8341
20 77 19.9183
20 78 18.99
20 79 18.0717
20 80 17.1422
20 81 16.2212
20 82 15.3007
20 83 14.3863
20 84 13.4637
20 85 12.556
20 86 11.6469
20 87 10.7401
20 88 9.82332
20 89 8.92304
20 90 8.01875
20 91 7.12165
20 92 6.21571
20 93 5.33199
20 94 4.44019
20 95 3.55604
20 96 2.66107
20 97 1.77839
20 98 0.8875
20 99 0
21 0 0
21 1 0.926263
21 2 1.90167
21 3 2.78455
21 4 3.73831
21 5 4.7109
21 6 5.46487
21 7 6.43647
21 8 7.598
21 9 8.49078
21 10 9.30997
21 11 10.2861
21 12 11.2481
21 13 12.2462
21 14 13.1604
21 15 14.0573
21 16 15.1472
21 17 15.9647
21 18 17.1598
21 19 17.9943
21 20 19.1166
21 21 19.5123
21 22 21.0652
21 23 21.8643
21 24 22.9897
21 25 23.7549
21 26 24.8337
21 27 25.7371
21 28 26.6838
21 29 27.7054
21 30 28.5514
21 31 29.4854
21 32 30.335
21 33 31.245
21 34 32.19
21 35 32.9296
21 36 33.6063
21 37 34.4035
21 38 35.1755
21 39 35.7859
21 40 36.4044
21 41 37.0268
21 42 37.513
21 43 37.957
21 44 38.3839
21 45 38.7005
21 46 38.9525
21 47 39.1712
21 48 39.3062
21 49 39.39
21 50 39.4248
21 51 39.3291
21 52 39.1522
21 53 38.9733
21 54 38.713
21 55 38.3507
21 56 37.9585
21 57 37.5159
21 58 37.0027
21 59 36.4327
21 60 35.8172
21 61 35.1567
21 62 34.4323
21 63 33.6853
21 64 32.9055
21 65 32.0862
21 66 31.2608
21 67 30.394
21 68 29.5004
21 69 28.5882
21 70 27.6709
21 71 26.7297
21 72 25.7698
21 73 24.8175
21 74 23.8562
21 75 22.8892
21 76 21.9122
21 77 20.9468
21 78 19.9687
21 79 18.9939
21 80 18.0143
21 81 17.0434
21 82 16.0665
21 83 15.1045
21 84 14.1374
21 85 13.1768
21 86 12.2145
21 87 11.267
21 88 10.3108
21 89 9.35959
21 90 8.40753
21 91 7.47111
21 92 6.52614
21 93 5.58716
21 94 4.65053
21 95 3.7234
21 96 2.79253
21 97 1.8607
21 98 0.932276
21 99 0
22 0 0
22 1 0.982582
22 2 1.951
22 3 2.89919
22 4 3.87197
22 5 4.90977
22 6 5.89432
22 7 6.73764
22 8 7.75114
22 9 8.89099
22 10 9.85336
22 11 10.731
22 12 11.7534
22 13 12.7992
22 14 13.8422
22 15 14.7826
22 16 15.7573
22 17 16.8642
22 18 17.7242
22 19 19.0075
22 20 19.8894
22 21 21.0652
22 22 21.5373
22 23 23.1266
22 24 23.9576
22 25 25.1548
22 26 25.982
22 27 27.0984
22 28 28.0845
22 29 29.0693
22 30 30.1328
22 31 31.0258
22 32 31.9962
22 33 32.8778
22 34 33.8301
22 35 34.8233
22 36 35.5914
22 37 36.2868
22 38 37.0873
22 39 37.8622
22 40 38.488
22 41 39.1064
22 42 39.7127
22 43 40.1891
22 44 40.6189
22 45 41.0043
22 46 41.2667
22 47 41.4686
22 48 41.6297
22 49 41.7038
22 50 41.7216
22 51 41.6768
22 52 41.5132
22 53 41.259
22 54 40.97
22 55 40.6208
22 56 40.167
22 57 39.6609
22 58 39.1354
22 59 38.5236
22 60 37.8464
22 61 37.144
22 62 36.3727
22 63 35.5534
22 64 34.7121
22 65 33.8378
22 66 32.935
22 67 32.0141
22 68 31.0754
22 69 30.0948
22 70 29.1055
22 71 28.1147
22 72 27.1019
22 73 26.0734
22 74 25.0483
22 75 24.0328
22 76 23.0015
22 77 21.9718
22 78 20.9445
22 79 19.9203
22 80 18.8847
22 81 17.8598
22 82 16.8345
22 83 15.8172
22 84 14.8018
22 85 13.7979
22 86 12.7878
22 87 11.786
22 88 10.7884
22 89 9.79846
22 90 8.79891
22 91 7.80912
22 92 6.82557
22 93 5.84759
22 94 4.86564
22 95 3.88879
22 96 2.91819
22 97 1.94607
22 98 0.974711
22 99 0
23 0 0
23 1 1.01382
23 2 2.09996
23 3 3.05164
23 4 4.02214
23 5 5.06136
23 6 6.10307
23 7 7.15779
23 8 8.09984
23 9 9.13756
23 10 10.3192
23 11 11.326
23 12 12.2202
23 13 13.3167
23 14 14.4219
23 15 15.5058
23 16 16.5241
23 17 17.5671
23 18 18.6815
23 19 19.6084
23 20 20.9466
23 21 21.8643
23 22 23.1266
23 23 23.6778
23 24 25.3047
23 25 26.1957
23 26 27.4481
23 27 28.3208
23 28 29.4848
23 29 30.5472
23 30 31.565
23 31 32.691
23 32 33.6363
23 33 34.636
23 34 35.5604
23 35 36.5471
23 36 37.5632
23 37 38.3546
23 38 39.08
23 39 39.8942
23 40 40.6758
23 41 41.3024
23 42 41.8981
23 43 42.485
23 44 42.9402
23 45 43.3245
23 46 43.6615
23 47 43.8762
23 48 44.0203
23 49 44.1202
23 50 44.1128
23 51 44.0367
23 52 43.918
23 53 43.6638
23 54 43.3009
23 55 42.9228
23 56 42.4696
23 57 41.9037
23 58 41.2981
23 59 40.6547
23 60 39.9332
23 61 39.1581
23 62 38.3449
23 63 37.4792
23 64 36.5601
23 65 35.6167
23 66 34.6509
23 67 33.6468
23 68 32.6454
23 69 31.6219
23 70 30.5662
23 71 29.498
23 72 28.4338
23 73 27.3544
23 74 26.2535
23 75 25.1683
23 76 24.0869
23 77 23.0044
23 78 21.9114
23 79 20.8381
23 80 19.7571
23 81 18.6792
23 82 17.598
23 83 16.5326
23 84 15.4608
23 85 14.4063
23 86 13.3547
23 87 12.3106
23 88 11.2586
23 89 10.2249
23 90 9.1901
23 91 8.15562
23 92 7.11946
23 93 6.09673
23 94 5.07881
23 95 4.05807
23 96 3.04182
23 97 2.02678
23 98 1.0185
23 99 0
24 0 0
24 1 0.990282
24 2 2.12152
24 3 3.2576
24 4 4.23047
24 5 5.29514
24 6 6.33459
24 7 7.38242
24 8 8.51796
24 9 9.5001
24 10 10.6
24 11 11.8604
24 12 12.8843
24 13 13.8262
24 14 14.9936
24 15 16.1113
24 16 17.258
24 17 18.3612
24 18 19.4574
24 19 20.619
24 20 21.6258
24 21 22.9897
24 22 23.9576
24 23 25.3047
24 24 25.9169
24 25 27.6008
24 26 28.569
24 27 29.865
24 28 30.7953
24 29 32.0076
24 30 33.1265
24 31 34.1816
24 32 35.3813
24 33 36.3792
24 34 37.418
24 35 38.3917
24 36 39.39
24 37 40.4202
24 38 41.2508
24 39 42.0055
24 40 42.8155
24 41 43.5937
24 42 44.222
24 43 44.7857
24 44 45.3302
24 45 45.7503
24 46 46.0819
24 47 46.3583
24 48 46.5285
24 49 46.6105
24 50 46.6085
24 51 46.5087
24 52 46.3473
24 53 46.1146
24 54 45.755
24 55 45.2988
24 56 44.8023
24 57 44.2298
24 58 43.5588
24 59 42.8282
24 60 42.0616
24 61 41.237
24 62 40.3432
24 63 39.4243
24 64 38.4515
24 65 37.4301
24 66 36.3938
24 67 35.3234
24 68 34.238
24 69 33.1378
24 70 32.0387
24 71 30.8996
24 72 29.7613
24 73 28.6272
24 74 27.4817
24 75 26.3189
24 76 25.1654
24 77 24.0292
24 78 22.8855
24 79 21.7473
24 80 20.6152
24 81 19.4929
24 82 18.3613
24 83 17.2423
24 84 16.1254
24 85 15.0152
24 86 13.9095
24 87 12.8222
24 88 11.7329
24 89 10.6442
24 90 9.56756
24 91 8.49616
24 92 7.42417
24 93 6.34533
24 94 5.28463
24 95 4.22196
24 96 3.16902
24 97 2.10519
24 98 1.05812
24 99 0
25 0 0
25 1 1.08185
25 2 2.10778
25 3 3.30692
25 4 4.43229
25 5 5.50084
25 6 6.64964
25 7 7.68618
25 8 8.79835
25 9 9.96605
25 10 10.9629
25 11 12.1546
25 12 13.4632
25 13 14.5206
25 14 15.558
25 15 16.7708
25 16 17.9031
25 17 19.1287
25 18 20.2778
25 19 21.4316
25 20 22.674
25 21 23.7549
25 22 25.1548
25 23 26.1957
25 24 27.6008
25 25 28.267
25 26 30.0198
25 27 31.0592
25 28 32.4035
25 29 33.4154
25 30 34.671
25 31 35.8429
25 32 36.9476
25 33 38.2138
25 34 39.257
25 35 40.3371
25 36 41.3592
25 37 42.375
25 38 43.436
25 39 44.2945
25 40 45.0428
25 41 45.8401
25 42 46.6185
25 43 47.23
25 44 47.7512
25 45 48.2622
25 46 48.6332
25 47 48.8898
25 48 49.108
25 49 49.2059
25 50 49.1802
25 51 49.0841
25 52 48.8977
25 53 48.6199
25 54 48.2616
25 55 47.7948
25 56 47.2133
25 57 46.5765
25 58 45.8938
25 59 45.0991
25 60 44.2418
25 61 43.3563
25 62 42.4013
25 63 41.4012
25 64 40.355
25 65 39.2818
25 66 38.1629
25 67 37.0195
25 68 35.8644
25 69 34.6782
25 70 33.5036
25 71 32.3108
25 72 31.1089
25 73 29.8881
25 74 28.6917
25 75 27.4789
25 76 26.2626
25 77 25.0477
25 78 23.8546
25 79 22.6578
25 80 21.469
25 81 20.2876
25 82 19.1184
25 83 17.9447
25 84 16.7828
25 85 15.6232
25 86 14.4715
25 87 13.3221
25 88 12.1967
25 89 11.0645
25 90 9.94232
25 91 8.81886
25 92 7.71775
25 93 6.60089
25 94 5.49432
25 95 4.38341
25 96 3.29056
25 97 2.18834
25 98 1.09362
25 99 0
26 0 0
26 1 1.1594
26 2 2.25862
26 3 3.37065
26 4 4.55906
26 5 5.69221
26 6 6.85432
26 7 8.03508
26 8 9.12764
26 9 10.3232
26 10 11.4952
26 11 12.5434
26 12 13.8041
26 13 15.1239
26 14 16.2506
26 15 17.3821
26 16 18.6332
26 17 19.8242
26 18 21.1197
26 19 22.288
26 20 23.5183
26 21 24.8337
26 22 25.982
26 23 27.4481
26 24 28.569
26 25 30.0198
26 26 30.7562
26 27 32.5704
26 28 33.6675
26 29 35.0731
26 30 36.1775
26 31 37.4777
26 32 38.7219
26 33 39.8844
26 34 41.1949
26 35 42.2761
26 36 43.4032
26 37 44.4795
26 38 45.5154
26 39 46.5943
26 40 47.4631
26 41 48.2042
26 42 48.9877
26 43 49.7442
26 44 50.332
26 45 50.8114
26 46 51.263
26 47 51.5719
26 48 51.7534
26 49 51.8798
26 50 51.8761
26 51 51.7439
26 52 51.5463
26 53 51.2421
26 54 50.8257
26 55 50.3461
26 56 49.7457
26 57 49.0234
26 58 48.2578
26 59 47.4275
26 60 46.5117
26 61 45.518
26 62 44.495
26 63 43.4351
26 64 42.3002
26 65 41.1475
26 66 39.9575
26 67 38.7389
26 68 37.4976
26 69 36.247
26 70 34.9864
26 71 33.7159
26 72 32.4562
26 73 31.1718
26 74 29.8933
26 75 28.618
26 76 27.3573
26 77 26.0772
26 78 24.8154
26 79 23.5606
26 80 22.3243
26 81 21.0812
26 82 19.8594
26 83 18.6371
26 84 17.4294
26 85 16.2193
26 86 15.0287
26 87 13.83
26 88 12.6506
26 89 11.4745
26 90 10.3152
26 91 9.14598
26 92 7.99392
26 93 6.84485
26 94 5.70106
26 95 4.55151
26 96 3.40832
26 97 2.27261
26 98 1.13116
26 99 0
27 0 0
27 1 1.16603
27 2 2.33851
27 3 3.53435
27 4 4.70848
27 5 5.89682
27 6 7.08254
27 7 8.27546
27 8 9.48055
27 9 10.6572
27 10 11.9042
27 11 13.1144
27 12 14.2488
27 13 15.5429
27 14 16.886
27 15 18.0871
27 16 19.2749
27 17 20.585
27 18 21.8624
27 19 23.2132
27 20 24.4195
27 21 25.7371
27 22 27.0984
27 23 28.3208
27 24 29.865
27 25 31.0592
27 26 32.5704
27 27 33.3969
27 28 35.2595
27 29 36.4171
27 30 37.8938
27 31 39.0874
27 32 40.4421
27 33 41.7723
27 34 42.9844
27 35 44.3334
27 36 45.4705
27 37 46.6403
27 38 47.7456
27 39 48.7907
27 40 49.8924
27 41 50.7752
27 42 51.5028
27 43 52.2666
27 44 52.9894
27 45 53.5236
27 46 53.9364
27 47 54.3225
27 48 54.558
27 49 54.6452
27 50 54.6619
27 51 54.5418
27 52 54.2915
27 53 53.9526
27 54 53.5083
27 55 52.9642
27 56 52.3289
27 57 51.5917
27 58 50.7262
27 59 49.7911
27 60 48.831
27 61 47.7675
27 62 46.6361
27 63 45.4866
27 64 44.2922
27 65 43.048
27 66 41.7678
27 67 40.4812
27 68 39.1552
27 69 37.8181
27 70 36.4803
27 71 35.1346
27 72 33.7905
27 73 32.4516
27 74 31.1112
27 75 29.7576
27 76 28.4263
27 77 27.1011
27 78 25.78
27 79 24.4575
27 80 23.1625
27 81 21.8726
27 82 20.595
27 83 19.3208
27 84 18.0655
27 85 16.8093
27 86 15.5681
27 87 14.3302
27 88 13.105
27 89 11.8812
27 90 10.674
27 91 9.47239
27 92 8.27366
27 93 7.08032
27 94 5.89496
27 95 4.71515
27 96 3.52849
27 97 2.35298
27 98 1.17178
27 99 0
28 0 0
28 1 1.2487
28 2 2.38628
28 3 3.60264
28 4 4.8758
28 5 6.0788
28 6 7.33564
28 7 8.57209
28 8 9.77644
28 9 11.0383
28 10 12.2618
28 11 13.5403
28 12 14.83
28 13 16.0393
28 14 17.372
28 15 18.7766
28 16 20.0255
28 17 21.2522
28 18 22.6406
28 19 23.9919
28 20 25.4039
28 21 26.6838
28 22 28.0845
28 23 29.4848
28 24 30.7953
28 25 32.4035
28 26 33.6675
28 27 35.2595
28 28 36.1828
28 29 38.0974
28 30 39.3399
28 31 40.8919
28 32 42.1646
28 33 43.5742
28 34 44.9846
28 35 46.2489
28 36 47.6548
28 37 48.8483
28 38 50.0359
28 39 51.1697
28 40 52.2386
28 41 53.348
28 42 54.228
28 43 54.9438
28 44 55.6695
28 45 56.3247
28 46 56.7987
28 47 57.1404
28 48 57.4352
28 49 57.5742
28 50 57.5376
28 51 57.4301
28 52 57.1864
28 53 56.7783
28 54 56.2954
28 55 55.7026
28 56 54.9816
28 57 54.1969
28 58 53.2999
28 59 52.2703
28 60 51.1891
28 61 50.0644
28 62 48.8591
28 63 47.5822
28 64 46.2926
28 65 44.9809
28 66 43.6107
28 67 42.228
28 68 40.8299
28 69 39.4102
28 70 37.9788
28 71 36.5577
28 72 35.1357
28 73 33.7127
28 74 32.3106
28 75 30.9057
28 76 29.4996
28 77 28.1036
28 78 26.7333
28 79 25.3564
28 80 23.9925
28 81 22.6454
28 82 21.3213
28 83 19.9971
28 84 18.69
28 85 17.3898
28 86 16.103
28 87 14.8176
28 88 13.5483
28 89 12.2852
28 90 11.0297
28 91 9.78393
28 92 8.54847
28 93 7.31813
28 94 6.08716
28 95 4.86851
28 96 3.64628
28 97 2.43162
28 98 1.21145
28 99 0
29 0 0
29 1 1.29435
29 2 2.56276
29 3 3.70215
29 4 4.98527
29 5 6.26528
29 6 7.51338
29 7 8.85488
29 8 10.1153
29 9 11.3799
29 10 12.7099
29 11 13.9438
29 12 15.2739
29 13 16.6338
29 14 17.8896
29 15 19.2968
29 16 20.7769
29 17 22.0583
29 18 23.3462
29 19 24.8091
29 20 26.2132
29 21 27.7054
29 22 29.0693
29 23 30.5472
29 24 32.0076
29 25 33.4154
29 26 35.0731
29 27 36.4171
29 28 38.0974
29 29 39.118
29 30 41.1076
29 31 42.4558
29 32 44.0733
29 33 45.4156
29 34 46.8845
29 35 48.3751
29 36 49.696
29 37 51.1577
29 38 52.4063
29 39 53.6249
29 40 54.7936
29 41 55.863
29 42 56.9575
29 43 57.8274
29 44 58.5069
29 45 59.1752
29 46 59.7627
29 47 60.1629
29 48 60.4102
29 49 60.5766
29 50 60.582
29 51 60.4246
29 52 60.1707
29 53 59.7613
29 54 59.2031
29 55 58.5449
29 56 57.7652
29 57 56.8792
29 58 55.9132
29 59 54.8414
29 60 53.6519
29 61 52.3954
29 62 51.1162
29 63 49.7607
29 64 48.34
29 65 46.9187
29 66 45.4717
29 67 43.9958
29 68 42.4999
29 69 41.0101
29 70 39.4951
29 71 37.9806
29 72 36.4793
29 73 34.9826
29 74 33.4945
29 75 32.0259
29 76 30.5704
29 77 29.1054
29 78 27.6643
29 79 26.2405
29 80 24.826
29 81 23.4121
29 82 22.0288
29 83 20.6591
29 84 19.3039
29 85 17.9557
29 86 16.626
29 87 15.3013
29 88 13.9829
29 89 12.6773
29 90 11.3813
29 91 10.0946
29 92 8.811
29 93 7.54595
29 94 6.27771
29 95 5.02125
29 96 3.75884
29 97 2.50895
29 98 1.25109
29 99 0
30 0 0
30 1 1.26265
30 2 2.63849
30 3 3.91377
30 4 5.12956
30 5 6.45337
30 6 7.73243
30 7 9.05236
30 8 10.4278
30 9 11.7156
30 10 13.0801
30 11 14.4553
30 12 15.7203
30 13 17.1272
30 14 18.5181
30 15 19.8186
30 16 21.3178
30 17 22.8567
30 18 24.1893
30 19 25.568
30 20 27.0911
30 21 28.5514
30 22 30.1328
30 23 31.565
30 24 33.1265
30 25 34.671
30 26 36.1775
30 27 37.8938
30 28 39.3399
30 29 41.1076
30 30 42.2277
30 31 44.3029
