0 0 0
0 1 0
0 2 0
0 3 0
0 4 0
0 5 0
0 6 0
0 7 0
0 8 0
0 9 0
0 10 0
0 11 0
0 12 0
0 13 0
0 14 0
0 15 0
0 16 0
0 17 0
0 18 0
0 19 0
0 20 0
0 21 0
0 22 0
0 23 0
0 24 0
0 25 0
0 26 0
0 27 0
0 28 0
0 29 0
0 30 0
0 31 0
0 32 0
0 33 0
0 34 0
0 35 0
0 36 0
0 37 0
0 38 0
0 39 0
0 40 0
0 41 0
0 42 0
0 43 0
0 44 0
0 45 0
0 46 0
0 47 0
0 48 0
0 49 0
0 50 0
0 51 0
0 52 0
0 53 0
0 54 0
0 55 0
0 56 0
0 57 0
0 58 0
0 59 0
0 60 0
0 61 0
0 62 0
0 63 0
0 64 0
0 65 0
0 66 0
0 67 0
0 68 0
0 69 0
0 70 0
0 71 0
0 72 0
0 73 0
0 74 0
0 75 0
0 76 0
0 77 0
0 78 0
0 79 0
0 80 0
0 81 0
0 82 0
0 83 0
0 84 0
0 85 0
0 86 0
0 87 0
0 88 0
0 89 0
0 90 0
0 91 0
0 92 0
0 93 0
0 94 0
0 95 0
0 96 0
0 97 0
0 98 0
0 99 0
1 0 0
1 1 0.044055
1 2 0.0881107
1 3 0.132167
1 4 0.176225
1 5 0.220283
1 6 0.264338
1 7 0.308388
1 8 0.352427
1 9 0.39645
1 10 0.440446
1 11 0.484404
1 12 0.528311
1 13 0.57215
1 14 0.6159
1 15 0.659538
1 16 0.703038
1 17 0.746368
1 18 0.789493
1 19 0.832376
1 20 0.874971
1 21 0.917233
1 22 0.959109
1 23 1.00054
1 24 1.04147
1 25 1.08183
1 26 1.12155
1 27 1.16056
1 28 1.19878
1 29 1.23613
1 30 1.27252
1 31 1.30787
1 32 1.34208
1 33 1.37507
1 34 1.40674
1 35 1.437
1 36 1.46576
1 37 1.49292
1 38 1.5184
1 39 1.5421
1 40 1.56395
1 41 1.58386
1 42 1.60177
1 43 1.6176
1 44 1.63129
1 45 1.64279
1 46 1.65205
1 47 1.65903
1 48 1.66371
1 49 1.66606
1 50 1.66608
1 51 1.66377
1 52 1.65913
1 53 1.65219
1 54 1.64297
1 55 1.63151
1 56 1.61786
1 57 1.60207
1 58 1.5842
1 59 1.56432
1 60 1.5425
1 61 1.51883
1 62 1.49338
1 63 1.46625
1 64 1.43752
1 65 1.40728
1 66 1.37563
1 67 1.34266
1 68 1.30847
1 69 1.27313
1 70 1.23675
1 71 1.19942
1 72 1.16121
1 73 1.1222
1 74 1.08248
1 75 1.04212
1 76 1.00119
1 77 0.959748
1 78 0.917864
1 79 0.875591
1 80 0.832982
1 81 0.790084
1 82 0.74694
1 83 0.703589
1 84 0.660067
1 85 0.616404
1 86 0.572626
1 87 0.528759
1 88 0.484821
1 89 0.44083
1 90 0.3968
1 91 0.352743
1 92 0.308667
1 93 0.264579
1 94 0.220485
1 95 0.176388
1 96 0.13229
1 97 0.0881928
1 98 0.0440962
1 99 0
2 0 0
2 1 0.0881107
2 2 0.176223
2 3 0.264338
2 4 0.352455
2 5 0.440574
2 6 0.528689
2 7 0.616795
2 8 0.704882
2 9 0.792937
2 10 0.880942
2 11 0.968874
2 12 1.05671
2 13 1.1444
2 14 1.23193
2 15 1.31923
2 16 1.40627
2 17 1.49296
2 18 1.57925
2 19 1.66506
2 20 1.7503
2 21 1.83488
2 22 1.91869
2 23 2.00162
2 24 2.08354
2 25 2.16433
2 26 2.24385
2 27 2.32195
2 28 2.39847
2 29 2.47325
2 30 2.54612
2 31 2.6169
2 32 2.68542
2 33 2.75149
2 34 2.81492
2 35 2.87554
2 36 2.93314
2 37 2.98756
2 38 3.0386
2 39 3.08609
2 40 3.12987
2 41 3.16978
2 42 3.20566
2 43 3.23737
2 44 3.26481
2 45 3.28785
2 46 3.3064
2 47 3.3204
2 48 3.32977
2 49 3.33449
2 50 3.33453
2 51 3.3299
2 52 3.3206
2 53 3.30669
2 54 3.28821
2 55 3.26525
2 56 3.23789
2 57 3.20625
2 58 3.17044
2 59 3.13061
2 60 3.0869
2 61 3.03946
2 62 2.98848
2 63 2.93412
2 64 2.87657
2 65 2.816
2 66 2.75261
2 67 2.68658
2 68 2.6181
2 69 2.54734
2 70 2.4745
2 71 2.39974
2 72 2.32323
2 73 2.24514
2 74 2.16563
2 75 2.08483
2 76 2.0029
2 77 1.91996
2 78 1.83614
2 79 1.75154
2 80 1.66627
2 81 1.58043
2 82 1.4941
2 83 1.40737
2 84 1.32029
2 85 1.23293
2 86 1.14536
2 87 1.0576
2 88 0.969706
2 89 0.88171
2 90 0.793637
2 91 0.705512
2 92 0.617352
2 93 0.52917
2 94 0.440978
2 95 0.35278
2 96 0.264583
2 97 0.176387
2 98 0.0881928
2 99 0
3 0 0
3 1 0.132167
3 2 0.264338
3 3 0.396514
3 4 0.528695
3 5 0.660881
3 6 0.793065
3 7 0.92524
3 8 1.05739
3 9 1.1895
3 10 1.32154
3 11 1.45347
3 12 1.58527
3 13 1.71687
3 14 1.84821
3 15 1.97924
3 16 2.10987
3 17 2.24
3 18 2.36954
3 19 2.49836
3 20 2.62634
3 21 2.75334
3 22 2.8792
3 23 3.00374
3 24 3.1268
3 25 3.24816
3 26 3.36763
3 27 3.48497
3 28 3.59996
3 29 3.71234
3 30 3.82186
3 31 3.92827
3 32 4.03127
3 33 4.13061
3 34 4.226
3 35 4.31716
3 36 4.4038
3 37 4.48564
3 38 4.56242
3 39 4.63388
3 40 4.69974
3 41 4.75979
3 42 4.81378
3 43 4.86151
3 44 4.9028
3 45 4.93747
3 46 4.9654
3 47 4.98646
3 48 5.00057
3 49 5.00768
3 50 5.00774
3 51 5.00076
3 52 4.98677
3 53 4.96583
3 54 4.93802
3 55 4.90346
3 56 4.86229
3 57 4.81466
3 58 4.76078
3 59 4.70084
3 60 4.63507
3 61 4.56372
3 62 4.48702
3 63 4.40526
3 64 4.3187
3 65 4.22761
3 66 4.13229
3 67 4.03301
3 68 3.93005
3 69 3.82369
3 70 3.71421
3 71 3.60185
3 72 3.48689
3 73 3.36956
3 74 3.2501
3 75 3.12873
3 76 3.00567
3 77 2.8811
3 78 2.75522
3 79 2.62819
3 80 2.50017
3 81 2.3713
3 82 2.24171
3 83 2.11151
3 84 1.98082
3 85 1.84972
3 86 1.71829
3 87 1.5866
3 88 1.45472
3 89 1.32268
3 90 1.19054
3 91 1.05833
3 92 0.926071
3 93 0.793784
3 94 0.661484
3 95 0.529181
3 96 0.39688
3 97 0.264583
3 98 0.13229
3 99 0
4 0 0
4 1 0.176225
4 2 0.352455
4 3 0.528695
4 4 0.704946
4 5 0.881208
4 6 1.05747
4 7 1.23373
4 8 1.40997
4 9 1.58616
4 10 1.76227
4 11 1.93826
4 12 2.11406
4 13 2.28963
4 14 2.46487
4 15 2.63971
4 16 2.81402
4 17 2.9877
4 18 3.1606
4 19 3.33257
4 20 3.50344
4 21 3.67302
4 22 3.8411
4 23 4.00745
4 24 4.17183
4 25 4.33398
4 26 4.49362
4 27 4.65044
4 28 4.80414
4 29 4.95438
4 30 5.10083
4 31 5.24312
4 32 5.3809
4 33 5.51379
4 34 5.64141
4 35 5.76339
4 36 5.87935
4 37 5.9889
4 38 6.09169
4 39 6.18735
4 40 6.27555
4 41 6.35596
4 42 6.42827
4 43 6.4922
4 44 6.54751
4 45 6.59396
4 46 6.63138
4 47 6.65959
4 48 6.6785
4 49 6.68801
4 50 6.68809
4 51 6.67874
4 52 6.66
4 53 6.63194
4 54 6.59469
4 55 6.54839
4 56 6.49323
4 57 6.42945
4 58 6.35728
4 59 6.27701
4 60 6.18894
4 61 6.0934
4 62 5.99073
4 63 5.88129
4 64 5.76544
4 65 5.64356
4 66 5.51602
4 67 5.38321
4 68 5.2455
4 69 5.10326
4 70 4.95686
4 71 4.80666
4 72 4.65298
4 73 4.49618
4 74 4.33655
4 75 4.1744
4 76 4.01
4 77 3.84363
4 78 3.67551
4 79 3.50589
4 80 3.33497
4 81 3.16294
4 82 2.98996
4 83 2.8162
4 84 2.6418
4 85 2.46687
4 86 2.29151
4 87 2.11583
4 88 1.93991
4 89 1.76379
4 90 1.58755
4 91 1.41122
4 92 1.23484
4 93 1.05843
4 94 0.882009
4 95 0.705591
4 96 0.529181
4 97 0.35278
4 98 0.176388
4 99 0
5 0 0
5 1 0.220283
5 2 0.440574
5 3 0.660881
5 4 0.881208
5 5 1.10156
5 6 1.32192
5 7 1.54229
5 8 1.76264
5 9 1.98295
5 10 2.20318
5 11 2.42327
5 12 2.64316
5 13 2.86277
5 14 3.08201
5 15 3.30076
5 16 3.51889
5 17 3.73626
5 18 3.95268
5 19 4.16797
5 20 4.38192
5 21 4.59429
5 22 4.80482
5 23 5.01323
5 24 5.21921
5 25 5.42243
5 26 5.62253
5 27 5.81916
5 28 6.0119
5 29 6.20035
5 30 6.38408
5 31 6.56263
5 32 6.73555
5 33 6.90237
5 34 7.06261
5 35 7.2158
5 36 7.36144
5 37 7.49907
5 38 7.62823
5 39 7.74845
5 40 7.8593
5 41 7.96038
5 42 8.05129
5 43 8.13168
5 44 8.20122
5 45 8.25964
5 46 8.3067
5 47 8.34219
5 48 8.36597
5 49 8.37793
5 50 8.37803
5 51 8.36627
5 52 8.34269
5 53 8.3074
5 54 8.26054
5 55 8.20231
5 56 8.13296
5 57 8.05275
5 58 7.96202
5 59 7.86111
5 60 7.75042
5 61 7.63036
5 62 7.50135
5 63 7.36386
5 64 7.21834
5 65 7.06527
5 66 6.90514
5 67 6.73842
5 68 6.56558
5 69 6.3871
5 70 6.20343
5 71 6.01503
5 72 5.82232
5 73 5.62572
5 74 5.42562
5 75 5.2224
5 76 5.0164
5 77 4.80797
5 78 4.5974
5 79 4.38497
5 80 4.17096
5 81 3.95558
5 82 3.73907
5 83 3.52161
5 84 3.30336
5 85 3.08449
5 86 2.86512
5 87 2.64536
5 88 2.42532
5 89 2.20507
5 90 1.98468
5 91 1.76419
5 92 1.54366
5 93 1.32311
5 94 1.10255
5 95 0.882009
5 96 0.661484
5 97 0.440978
5 98 0.220485
5 99 0
6 0 0
6 1 0.264338
6 2 0.528689
6 3 0.793065
6 4 1.05747
6 5 1.32192
6 6 1.5864
6 7 1.8509
6 8 2.11541
6 9 2.37988
6 10 2.64429
6 11 2.90856
6 12 3.17262
6 13 3.43638
6 14 3.69973
6 15 3.96253
6 16 4.22463
6 17 4.48586
6 18 4.746
6 19 5.00484
6 20 5.26211
6 21 5.51754
6 22 5.7708
6 23 6.02157
6 24 6.26948
6 25 6.51412
6 26 6.75508
6 27 6.99191
6 28 7.22411
6 29 7.45121
6 30 7.67266
6 31 7.88794
6 32 8.09648
6 33 8.2977
6 34 8.49105
6 35 8.67591
6 36 8.85173
6 37 9.0179
6 38 9.17388
6 39 9.31909
6 40 9.45302
6 41 9.57515
6 42 9.68502
6 43 9.78218
6 44 9.86625
6 45 9.93688
6 46 9.99377
6 47 10.0367
6 48 10.0654
6 49 10.0799
6 50 10.08
6 51 10.0658
6 52 10.0373
6 53 9.99461
6 54 9.93795
6 55 9.86755
6 56 9.78371
6 57 9.68676
6 58 9.57711
6 59 9.45518
6 60 9.32144
6 61 9.17641
6 62 9.02062
6 63 8.8546
6 64 8.67894
6 65 8.49421
6 66 8.301
6 67 8.09988
6 68 7.89145
6 69 7.67626
6 70 7.45487
6 71 7.22784
6 72 6.99567
6 73 6.75888
6 74 6.51793
6 75 6.27328
6 76 6.02535
6 77 5.77455
6 78 5.52123
6 79 5.26574
6 80 5.00839
6 81 4.74946
6 82 4.48921
6 83 4.22786
6 84 3.96563
6 85 3.70268
6 86 3.43917
6 87 3.17524
6 88 2.911
6 89 2.64654
6 90 2.38194
6 91 2.11726
6 92 1.85254
6 93 1.58781
6 94 1.32311
6 95 1.05843
6 96 0.793784
6 97 0.52917
6 98 0.264579
6 99 0
7 0 0
7 1 0.308388
7 2 0.616795
7 3 0.92524
7 4 1.23373
7 5 1.54229
7 6 1.8509
7 7 2.15957
7 8 2.46826
7 9 2.77696
7 10 3.0856
7 11 3.39413
7 12 3.70246
7 13 4.01049
7 14 4.31809
7 15 4.62511
7 16 4.93137
7 17 5.23666
7 18 5.54076
7 19 5.8434
7 20 6.14429
7 21 6.44308
7 22 6.73944
7 23 7.03294
7 24 7.32318
7 25 7.60968
7 26 7.89195
7 27 8.16945
7 28 8.44163
7 29 8.70789
7 30 8.96762
7 31 9.22018
7 32 9.46491
7 33 9.70113
7 34 9.92816
7 35 10.1453
7 36 10.3519
7 37 10.5472
7 38 10.7305
7 39 10.9012
7 40 11.0587
7 41 11.2024
7 42 11.3317
7 43 11.446
7 44 11.5449
7 45 11.6281
7 46 11.695
7 47 11.7456
7 48 11.7794
7 49 11.7964
7 50 11.7966
7 51 11.7798
7 52 11.7463
7 53 11.696
7 54 11.6293
7 55 11.5465
7 56 11.4478
7 57 11.3337
7 58 11.2047
7 59 11.0612
7 60 10.904
7 61 10.7334
7 62 10.5503
7 63 10.3552
7 64 10.1488
7 65 9.93182
7 66 9.70494
7 67 9.46885
7 68 9.22424
7 69 8.97178
7 70 8.71213
7 71 8.44593
7 72 8.1738
7 73 7.89633
7 74 7.61408
7 75 7.32757
7 76 7.03732
7 77 6.74377
7 78 6.44736
7 79 6.14848
7 80 5.84751
7 81 5.54476
7 82 5.24054
7 83 4.9351
7 84 4.62869
7 85 4.3215
7 86 4.01372
7 87 3.7055
7 88 3.39696
7 89 3.08821
7 90 2.77933
7 91 2.4704
7 92 2.16146
7 93 1.85254
7 94 1.54366
7 95 1.23484
7 96 0.926071
7 97 0.617352
7 98 0.308667
7 99 0
8 0 0
8 1 0.352427
8 2 0.704882
8 3 1.05739
8 4 1.40997
8 5 1.76264
8 6 2.11541
8 7 2.46826
8 8 2.82119
8 9 3.17416
8 10 3.52712
8 11 3.88
8 12 4.23272
8 13 4.58515
8 14 4.93716
8 15 5.28857
8 16 5.6392
8 17 5.98881
8 18 6.33714
8 19 6.68388
8 20 7.02871
8 21 7.37125
8 22 7.71109
8 23 8.04778
8 24 8.38081
8 25 8.70967
8 26 9.03378
8 27 9.35253
8 28 9.66527
8 29 9.97132
8 30 10.27
8 31 10.5605
8 32 10.8421
8 33 11.114
8 34 11.3754
8 35 11.6255
8 36 11.8635
8 37 12.0886
8 38 12.3
8 39 12.4969
8 40 12.6786
8 41 12.8443
8 42 12.9935
8 43 13.1255
8 44 13.2397
8 45 13.3357
8 46 13.413
8 47 13.4714
8 48 13.5105
8 49 13.5301
8 50 13.5303
8 51 13.511
8 52 13.4722
8 53 13.4141
8 54 13.3371
8 55 13.2414
8 56 13.1275
8 57 12.9958
8 58 12.8469
8 59 12.6814
8 60 12.5
8 61 12.3033
8 62 12.0922
8 63 11.8673
8 64 11.6295
8 65 11.3795
8 66 11.1183
8 67 10.8465
8 68 10.5651
8 69 10.2747
8 70 9.97612
8 71 9.67014
8 72 9.35745
8 73 9.03874
8 74 8.71465
8 75 8.38578
8 76 8.05272
8 77 7.71599
8 78 7.37609
8 79 7.03346
8 80 6.68853
8 81 6.34166
8 82 5.99319
8 83 5.64343
8 84 5.29262
8 85 4.94102
8 86 4.5888
8 87 4.23615
8 88 3.8832
8 89 3.53007
8 90 3.17685
8 91 2.82361
8 92 2.4704
8 93 2.11726
8 94 1.76419
8 95 1.41122
8 96 1.05833
8 97 0.705512
8 98 0.352743
8 99 0
9 0 0
9 1 0.39645
9 2 0.792937
9 3 1.1895
9 4 1.58616
9 5 1.98295
9 6 2.37988
9 7 2.77696
9 8 3.17416
9 9 3.57147
9 10 3.96882
9 11 4.36616
9 12 4.76337
9 13 5.16036
9 14 5.55695
9 15 5.95297
9 16 6.34821
9 17 6.7424
9 18 7.13526
9 19 7.52646
9 20 7.91562
9 21 8.30232
9 22 8.68611
9 23 9.06647
9 24 9.44284
9 25 9.81464
9 26 10.1812
9 27 10.5419
9 28 10.8958
9 29 11.2424
9 30 11.5807
9 31 11.91
9 32 12.2292
9 33 12.5376
9 34 12.8342
9 35 13.1181
9 36 13.3884
9 37 13.644
9 38 13.8842
9 39 14.1081
9 40 14.3146
9 41 14.5032
9 42 14.6729
9 43 14.823
9 44 14.953
9 45 15.0623
9 46 15.1503
9 47 15.2168
9 48 15.2613
9 49 15.2837
9 50 15.2838
9 51 15.2618
9 52 15.2176
9 53 15.1515
9 54 15.0638
9 55 14.9549
9 56 14.8252
9 57 14.6754
9 58 14.506
9 59 14.3178
9 60 14.1115
9 61 13.8879
9 62 13.648
9 63 13.3926
9 64 13.1225
9 65 12.8388
9 66 12.5424
9 67 12.2342
9 68 11.9151
9 69 11.586
9 70 11.2477
9 71 10.9013
9 72 10.5473
9 73 10.1867
9 74 9.82017
9 75 9.44837
9 76 9.07196
9 77 8.69156
9 78 8.3077
9 79 7.9209
9 80 7.53163
9 81 7.1403
9 82 6.74728
9 83 6.35291
9 84 5.95748
9 85 5.56124
9 86 5.16442
9 87 4.76719
9 88 4.36971
9 89 3.9721
9 90 3.57445
9 91 3.17685
9 92 2.77933
9 93 2.38194
9 94 1.98468
9 95 1.58755
9 96 1.19054
9 97 0.793637
9 98 0.3968
9 99 0
10 0 0
10 1 0.440446
10 2 0.880942
10 3 1.32154
10 4 1.76227
10 5 2.20318
10 6 2.64429
10 7 3.0856
10 8 3.52712
10 9 3.96882
10 10 4.41065
10 11 4.85254
10 12 5.2944
10 13 5.7361
10 14 6.17747
10 15 6.61833
10 16 7.05844
10 17 7.49752
10 18 7.93525
10 19 8.37128
10 20 8.8052
10 21 9.23653
10 22 9.66478
10 23 10.0894
10 24 10.5097
10 25 10.9251
10 26 11.3348
10 27 11.7381
10 28 12.1341
10 29 12.522
10 30 12.9009
10 31 13.2697
10 32 13.6275
10 33 13.9733
10 34 14.3061
10 35 14.6247
10 36 14.9281
10 37 15.2153
10 38 15.4852
10 39 15.7368
10 40 15.9691
10 41 16.1811
10 42 16.3721
10 43 16.5411
10 44 16.6874
10 45 16.8104
10 46 16.9096
10 47 16.9844
10 48 17.0345
10 49 17.0597
10 50 17.0599
10 51 17.0351
10 52 16.9853
10 53 16.9109
10 54 16.8121
10 55 16.6895
10 56 16.5435
10 57 16.3748
10 58 16.1842
10 59 15.9725
10 60 15.7405
10 61 15.4892
10 62 15.2196
10 63 14.9327
10 64 14.6295
10 65 14.3111
10 66 13.9786
10 67 13.633
10 68 13.2753
10 69 12.9066
10 70 12.5279
10 71 12.1401
10 72 11.7441
10 73 11.3409
10 74 10.9312
10 75 10.5158
10 76 10.0954
10 77 9.67076
10 78 9.24243
10 79 8.81099
10 80 8.37695
10 81 7.94077
10 82 7.50286
10 83 7.06359
10 84 6.62327
10 85 6.18218
10 86 5.74056
10 87 5.29859
10 88 4.85644
10 89 4.41425
10 90 3.9721
10 91 3.53007
10 92 3.08821
10 93 2.64654
10 94 2.20507
10 95 1.76379
10 96 1.32268
10 97 0.88171
10 98 0.44083
10 99 0
11 0 0
11 1 0.484404
11 2 0.968874
11 3 1.45347
11 4 1.93826
11 5 2.42327
11 6 2.90856
11 7 3.39413
11 8 3.88
11 9 4.36616
11 10 4.85254
11 11 5.33911
11 12 5.82574
11 13 6.31233
11 14 6.79869
11 15 7.28462
11 16 7.76988
11 17 8.25418
11 18 8.73716
11 19 9.21845
11 20 9.69759
11 21 10.1741
11 22 10.6474
11 23 11.1168
11 24 11.5818
11 25 12.0415
11 26 12.4952
11 27 12.9419
11 28 13.3809
11 29 13.811
11 30 14.2313
11 31 14.6408
11 32 15.0382
11 33 15.4225
11 34 15.7924
11 35 16.1468
11 36 16.4845
11 37 16.8042
11 38 17.1048
11 39 17.3852
11 40 17.6441
11 41 17.8806
11 42 18.0936
11 43 18.2822
11 44 18.4455
11 45 18.5828
11 46 18.6935
11 47 18.777
11 48 18.833
11 49 18.8612
11 50 18.8614
11 51 18.8337
11 52 18.7781
11 53 18.695
11 54 18.5847
11 55 18.4477
11 56 18.2848
11 57 18.0966
11 58 17.884
11 59 17.6478
11 60 17.3892
11 61 17.1092
11 62 16.8089
11 63 16.4894
11 64 16.152
11 65 15.7979
11 66 15.4282
11 67 15.0441
11 68 14.6468
11 69 14.2376
11 70 13.8173
11 71 13.3873
11 72 12.9484
11 73 12.5017
11 74 12.0481
11 75 11.5883
11 76 11.1234
11 77 10.6538
11 78 10.1805
11 79 9.70387
11 80 9.22459
11 81 8.74314
11 82 8.25997
11 83 7.77547
11 84 7.28998
11 85 6.80379
11 86 6.31716
11 87 5.83028
11 88 5.34333
11 89 4.85644
11 90 4.36971
11 91 3.8832
11 92 3.39696
11 93 2.911
11 94 2.42532
11 95 1.93991
11 96 1.45472
11 97 0.969706
11 98 0.484821
11 99 0
12 0 0
12 1 0.528311
12 2 1.05671
12 3 1.58527
12 4 2.11406
12 5 2.64316
12 6 3.17262
12 7 3.70246
12 8 4.23272
12 9 4.76337
12 10 5.2944
12 11 5.82574
12 12 6.3573
12 13 6.88895
12 14 7.42051
12 15 7.95179
12 16 8.48251
12 17 9.01237
12 18 9.54101
12 19 10.068
12 20 10.5929
12 21 11.1151
12 22 11.6341
12 23 12.1491
12 24 12.6594
12 25 13.1642
12 26 13.6627
12 27 14.1539
12 28 14.6367
12 29 15.1102
12 30 15.573
12 31 16.0242
12 32 16.4624
12 33 16.8863
12 34 17.2946
12 35 17.686
12 36 18.0591
12 37 18.4126
12 38 18.7451
12 39 19.0554
12 40 19.342
12 41 19.6039
12 42 19.8399
12 43 20.0489
12 44 20.23
12 45 20.3822
12 46 20.505
12 47 20.5977
12 48 20.6598
12 49 20.691
12 50 20.6913
12 51 20.6605
12 52 20.5988
12 53 20.5066
12 54 20.3842
12 55 20.2324
12 56 20.0517
12 57 19.8431
12 58 19.6075
12 59 19.346
12 60 19.0597
12 61 18.7498
12 62 18.4176
12 63 18.0645
12 64 17.6916
12 65 17.3005
12 66 16.8924
12 67 16.4687
12 68 16.0307
12 69 15.5797
12 70 15.117
12 71 14.6436
12 72 14.1609
12 73 13.6698
12 74 13.1713
12 75 12.6664
12 76 12.1561
12 77 11.641
12 78 11.122
12 79 10.5996
12 80 10.0746
12 81 9.54743
12 82 9.01859
12 83 8.48851
12 84 7.95754
12 85 7.42599
12 86 6.89413
12 87 6.36217
12 88 5.83028
12 89 5.29859
12 90 4.76719
12 91 4.23615
12 92 3.7055
12 93 3.17524
12 94 2.64536
12 95 2.11583
12 96 1.5866
12 97 1.0576
12 98 0.528759
12 99 0
13 0 0
13 1 0.57215
13 2 1.1444
13 3 1.71687
13 4 2.28963
13 5 2.86277
13 6 3.43638
13 7 4.01049
13 8 4.58515
13 9 5.16036
13 10 5.7361
13 11 6.31233
13 12 6.88895
13 13 7.46584
13 14 8.04284
13 15 8.61972
13 16 9.19623
13 17 9.77203
13 18 10.3468
13 19 10.92
13 20 11.4911
13 21 12.0597
13 22 12.625
13 23 13.1863
13 24 13.7428
13 25 14.2937
13 26 14.8379
13 27 15.3745
13 28 15.9023
13 29 16.4202
13 30 16.9269
13 31 17.421
13 32 17.9012
13 33 18.3661
13 34 18.8142
13 35 19.2439
13 36 19.6538
13 37 20.0424
13 38 20.4081
13 39 20.7495
13 40 21.0651
13 41 21.3536
13 42 21.6136
13 43 21.844
13 44 22.0437
13 45 22.2116
13 46 22.3471
13 47 22.4493
13 48 22.5179
13 49 22.5523
13 50 22.5526
13 51 22.5186
13 52 22.4505
13 53 22.3487
13 54 22.2138
13 55 22.0463
13 56 21.847
13 57 21.6171
13 58 21.3575
13 59 21.0694
13 60 20.7542
13 61 20.4132
13 62 20.0478
13 63 19.6595
13 64 19.2499
13 65 18.8204
13 66 18.3726
13 67 17.908
13 68 17.4279
13 69 16.934
13 70 16.4275
13 71 15.9097
13 72 15.382
13 73 14.8454
13 74 14.3012
13 75 13.7503
13 76 13.1938
13 77 12.6324
13 78 12.067
13 79 11.4983
13 80 10.927
13 81 10.3536
13 82 9.77866
13 83 9.20261
13 84 8.62584
13 85 8.04867
13 86 7.47136
13 87 6.89413
13 88 6.31716
13 89 5.74056
13 90 5.16442
13 91 4.5888
13 92 4.01372
13 93 3.43917
13 94 2.86512
13 95 2.29151
13 96 1.71829
13 97 1.14536
13 98 0.572626
13 99 0
14 0 0
14 1 0.6159
14 2 1.23193
14 3 1.84821
14 4 2.46487
14 5 3.08201
14 6 3.69973
14 7 4.31809
14 8 4.93716
14 9 5.55695
14 10 6.17747
14 11 6.79869
14 12 7.42051
14 13 8.04284
14 14 8.6655
14 15 9.28827
14 16 9.91089
14 17 10.533
14 18 11.1543
14 19 11.7742
14 20 12.3923
14 21 13.0078
14 22 13.6202
14 23 14.2287
14 24 14.8323
14 25 15.4301
14 26 16.0212
14 27 16.6043
14 28 17.1783
14 29 17.7419
14 30 18.2937
14 31 18.8321
14 32 19.3558
14 33 19.8632
14 34 20.3525
14 35 20.8221
14 36 21.2704
14 37 21.6956
14 38 22.096
14 39 22.47
14 40 22.8159
14 41 23.1322
14 42 23.4175
14 43 23.6704
14 44 23.8896
14 45 24.074
14 46 24.2228
14 47 24.3352
14 48 24.4105
14 49 24.4484
14 50 24.4486
14 51 24.4112
14 52 24.3364
14 53 24.2246
14 54 24.0763
14 55 23.8923
14 56 23.6736
14 57 23.4212
14 58 23.1363
14 59 22.8204
14 60 22.4749
14 61 22.1013
14 62 21.7012
14 63 21.2764
14 64 20.8284
14 65 20.3591
14 66 19.87
14 67 19.363
14 68 18.8395
14 69 18.3012
14 70 17.7496
14 71 17.1861
14 72 16.6122
14 73 16.0291
14 74 15.4381
14 75 14.8402
14 76 14.2366
14 77 13.628
14 78 13.0156
14 79 12.3999
14 80 11.7816
14 81 11.1615
14 82 10.54
14 83 9.91764
14 84 9.29474
14 85 8.67166
14 86 8.04867
14 87 7.42599
14 88 6.80379
14 89 6.18218
14 90 5.56124
14 91 4.94102
14 92 4.3215
14 93 3.70268
14 94 3.08449
14 95 2.46687
14 96 1.84972
14 97 1.23293
14 98 0.616404
14 99 0
15 0 0
15 1 0.659538
15 2 1.31923
15 3 1.97924
15 4 2.63971
15 5 3.30076
15 6 3.96253
15 7 4.62511
15 8 5.28857
15 9 5.95297
15 10 6.61833
15 11 7.28462
15 12 7.95179
15 13 8.61972
15 14 9.28827
15 15 9.95722
15 16 10.6263
15 17 11.2952
15 18 11.9635
15 19 12.6307
15 20 13.2962
15 21 13.9595
15 22 14.6198
15 23 15.2762
15 24 15.9279
15 25 16.5738
15 26 17.2128
15 27 17.8437
15 28 18.4652
15 29 19.0758
15 30 19.6741
15 31 20.2585
15 32 20.8273
15 33 21.3787
15 34 21.9109
15 35 22.4222
15 36 22.9105
15 37 23.3739
15 38 23.8107
15 39 24.2189
15 40 24.5967
15 41 24.9424
15 42 25.2543
15 43 25.5309
15 44 25.7707
15 45 25.9726
15 46 26.1355
15 47 26.2586
15 48 26.341
15 49 26.3825
15 50 26.3828
15 51 26.3418
15 52 26.2599
15 53 26.1374
15 54 25.975
15 55 25.7736
15 56 25.5342
15 57 25.2581
15 58 24.9467
15 59 24.6015
15 60 24.2241
15 61 23.8163
15 62 23.3799
15 63 22.9168
15 64 22.4288
15 65 21.9179
15 66 21.3859
15 67 20.8348
15 68 20.2662
15 69 19.682
15 70 19.0839
15 71 18.4733
15 72 17.8519
15 73 17.2211
15 74 16.5821
15 75 15.9362
15 76 15.2845
15 77 14.628
15 78 13.9676
15 79 13.3042
15 80 12.6385
15 81 11.9711
15 82 11.3025
15 83 10.6334
15 84 9.96401
15 85 9.29474
15 86 8.62584
15 87 7.95754
15 88 7.28998
15 89 6.62327
15 90 5.95748
15 91 5.29262
15 92 4.62869
15 93 3.96563
15 94 3.30336
15 95 2.6418
15 96 1.98082
15 97 1.32029
15 98 0.660067
15 99 0
16 0 0
16 1 0.703038
16 2 1.40627
16 3 2.10987
16 4 2.81402
16 5 3.51889
16 6 4.22463
16 7 4.93137
16 8 5.6392
16 9 6.34821
16 10 7.05844
16 11 7.76988
16 12 8.48251
16 13 9.19623
16 14 9.91089
16 15 10.6263
16 16 11.3422
16 17 12.0583
16 18 12.7741
16 19 13.4891
16 20 14.2028
16 21 14.9146
16 22 15.6235
16 23 16.3289
16 24 17.0296
16 25 17.7247
16 26 18.4129
16 27 19.0929
16 28 19.7633
16 29 20.4225
16 30 21.069
16 31 21.701
16 32 22.3166
16 33 22.9139
16 34 23.4909
16 35 24.0456
16 36 24.5759
16 37 25.0796
16 38 25.5546
16 39 25.9988
16 40 26.4103
16 41 26.7869
16 42 27.127
16 43 27.4287
16 44 27.6904
16 45 27.9108
16 46 28.0887
16 47 28.223
16 48 28.3131
16 49 28.3584
16 50 28.3587
16 51 28.314
16 52 28.2244
16 53 28.0906
16 54 27.9133
16 55 27.6934
16 56 27.4321
16 57 27.131
16 58 26.7914
16 59 26.4152
16 60 26.0042
16 61 25.5604
16 62 25.0858
16 63 24.5825
16 64 24.0526
16 65 23.4982
16 66 22.9215
16 67 22.3244
16 68 21.709
16 69 21.0772
16 70 20.4309
16 71 19.7718
16 72 19.1015
16 73 18.4215
16 74 17.7334
16 75 17.0383
16 76 16.3375
16 77 15.6321
16 78 14.923
16 79 14.2111
16 80 13.4972
16 81 12.782
16 82 12.0659
16 83 11.3496
16 84 10.6334
16 85 9.91764
16 86 9.20261
16 87 8.48851
16 88 7.77547
16 89 7.06359
16 90 6.35291
16 91 5.64343
16 92 4.9351
16 93 4.22786
16 94 3.52161
16 95 2.8162
16 96 2.11151
16 97 1.40737
16 98 0.703589
16 99 0
17 0 0
17 1 0.746368
17 2 1.49296
17 3 2.24
17 4 2.9877
17 5 3.73626
17 6 4.48586
17 7 5.23666
17 8 5.98881
17 9 6.7424
17 10 7.49752
17 11 8.25418
17 12 9.01237
17 13 9.77203
17 14 10.533
17 15 11.2952
17 16 12.0583
17 17 12.8219
17 18 13.5857
17 19 14.3492
17 20 15.1118
17 21 15.8728
17 22 16.6313
17 23 17.3866
17 24 18.1375
17 25 18.8829
17 26 19.6216
17 27 20.3521
17 28 21.073
17 29 21.7825
17 30 22.4789
17 31 23.1603
17 32 23.8247
17 33 24.4699
17 34 25.0938
17 35 25.6941
17 36 26.2684
17 37 26.8144
17 38 27.3298
17 39 27.8121
17 40 28.2591
17 41 28.6687
17 42 29.0386
17 43 29.367
17 44 29.652
17 45 29.8921
17 46 30.0859
17 47 30.2324
17 48 30.3306
17 49 30.38
17 50 30.3803
17 51 30.3315
17 52 30.2338
17 53 30.0879
17 54 29.8946
17 55 29.6551
17 56 29.3706
17 57 29.0427
17 58 28.6733
17 59 28.2643
17 60 27.8177
17 61 27.3358
17 62 26.8209
17 63 26.2752
17 64 25.7013
17 65 25.1014
17 66 24.4778
17 67 23.8328
17 68 23.1687
17 69 22.4875
17 70 21.7912
17 71 21.0818
17 72 20.3611
17 73 19.6306
17 74 18.892
17 75 18.1465
17 76 17.3955
17 77 16.6402
17 78 15.8815
17 79 15.1204
17 80 14.3577
17 81 13.5939
17 82 12.8299
17 83 12.0659
17 84 11.3025
17 85 10.54
17 86 9.77866
17 87 9.01859
17 88 8.25997
17 89 7.50286
17 90 6.74728
17 91 5.99319
17 92 5.24054
17 93 4.48921
17 94 3.73907
17 95 2.98996
17 96 2.24171
17 97 1.4941
17 98 0.74694
17 99 0
18 0 0
18 1 0.789493
18 2 1.57925
18 3 2.36954
18 4 3.1606
18 5 3.95268
18 6 4.746
18 7 5.54076
18 8 6.33714
18 9 7.13526
18 10 7.93525
18 11 8.73716
18 12 9.54101
18 13 10.3468
18 14 11.1543
18 15 11.9635
18 16 12.7741
18 17 13.5857
18 18 14.3981
18 19 15.2106
18 20 16.0228
18 21 16.8338
18 22 17.6428
18 23 18.449
18 24 19.2513
18 25 20.0484
18 26 20.839
18 27 21.6216
18 28 22.3946
18 29 23.1561
18 30 23.9044
18 31 24.6372
18 32 25.3525
18 33 26.0479
18 34 26.7209
18 35 27.3691
18 36 27.9899
18 37 28.5806
18 38 29.1386
18 39 29.6613
18 40 30.1461
18 41 30.5906
18 42 30.9924
18 43 31.3492
18 44 31.6591
18 45 31.9203
18 46 32.1312
18 47 32.2906
18 48 32.3975
18 49 32.4513
18 50 32.4516
18 51 32.3984
18 52 32.2921
18 53 32.1332
18 54 31.9229
18 55 31.6623
18 56 31.3529
18 57 30.9966
18 58 30.5954
18 59 30.1514
18 60 29.6671
18 61 29.1448
18 62 28.5872
18 63 27.9969
18 64 27.3765
18 65 26.7287
18 66 26.0559
18 67 25.3609
18 68 24.6458
18 69 23.9132
18 70 23.1651
18 71 22.4037
18 72 21.6308
18 73 20.8483
18 74 20.0577
18 75 19.2606
18 76 18.4583
18 77 17.652
18 78 16.8428
18 79 16.0316
18 80 15.2193
18 81 14.4066
18 82 13.5939
18 83 12.782
18 84 11.9711
18 85 11.1615
18 86 10.3536
18 87 9.54743
18 88 8.74314
18 89 7.94077
18 90 7.1403
18 91 6.34166
18 92 5.54476
18 93 4.74946
18 94 3.95558
18 95 3.16294
18 96 2.3713
18 97 1.58043
18 98 0.790084
18 99 0
19 0 0
19 1 0.832376
19 2 1.66506
19 3 2.49836
19 4 3.33257
19 5 4.16797
19 6 5.00484
19 7 5.8434
19 8 6.68388
19 9 7.52646
19 10 8.37128
19 11 9.21845
19 12 10.068
19 13 10.92
19 14 11.7742
19 15 12.6307
19 16 13.4891
19 17 14.3492
19 18 15.2106
19 19 16.0728
19 20 16.9352
19 21 17.7971
19 22 18.6577
19 23 19.5159
19 24 20.3707
19 25 21.2208
19 26 22.0648
19 27 22.9012
19 28 23.7281
19 29 24.5436
19 30 25.3458
19 31 26.1323
19 32 26.9008
19 33 27.6487
19 34 28.3734
19 35 29.0721
19 36 29.7419
19 37 30.38
19 38 30.9833
19 39 31.549
19 40 32.0741
19 41 32.5559
19 42 32.9917
19 43 33.379
19 44 33.7156
19 45 33.9994
19 46 34.2286
19 47 34.4019
19 48 34.5182
19 49 34.5767
19 50 34.577
19 51 34.5191
19 52 34.4035
19 53 34.2307
19 54 34.0021
19 55 33.7189
19 56 33.3829
19 57 32.9961
19 58 32.5608
19 59 32.0795
19 60 31.5549
19 61 30.9897
19 62 30.3868
19 63 29.7492
19 64 29.0797
19 65 28.3814
19 66 27.657
19 67 26.9094
19 68 26.1411
19 69 25.3548
19 70 24.5529
19 71 23.7374
19 72 22.9106
19 73 22.0744
19 74 21.2304
19 75 20.3803
19 76 19.5254
19 77 18.6671
19 78 17.8064
19 79 16.9444
19 80 16.0818
19 81 15.2193
19 82 14.3577
19 83 13.4972
19 84 12.6385
19 85 11.7816
19 86 10.927
19 87 10.0746
19 88 9.22459
19 89 8.37695
19 90 7.53163
19 91 6.68853
19 92 5.84751
19 93 5.00839
19 94 4.17096
19 95 3.33497
19 96 2.50017
19 97 1.66627
19 98 0.832982
19 99 0
20 0 0
20 1 0.874971
20 2 1.7503
20 3 2.62634
20 4 3.50344
20 5 4.38192
20 6 5.26211
20 7 6.14429
20 8 7.02871
20 9 7.91562
20 10 8.8052
20 11 9.69759
20 12 10.5929
20 13 11.4911
20 14 12.3923
20 15 13.2962
20 16 14.2028
20 17 15.1118
20 18 16.0228
20 19 16.9352
20 20 17.8486
20 21 18.7623
20 22 19.6753
20 23 20.5867
20 24 21.4953
20 25 22.3999
20 26 23.2989
20 27 24.1907
20 28 25.0735
20 29 25.9451
20 30 26.8034
20 31 27.646
20 32 28.4703
20 33 29.2734
20 34 30.0526
20 35 30.8046
20 36 31.5265
20 37 32.2148
20 38 32.8664
20 39 33.4779
20 40 34.0461
20 41 34.5679
20 42 35.0402
20 43 35.4603
20 44 35.8256
20 45 36.1337
20 46 36.3827
20 47 36.571
20 48 36.6974
20 49 36.7609
20 50 36.7612
20 51 36.6983
20 52 36.5726
20 53 36.3849
20 54 36.1364
20 55 35.8289
20 56 35.4642
20 57 35.0447
20 58 34.5729
20 59 34.0517
20 60 33.4839
20 61 32.8729
20 62 32.2218
20 63 31.5339
20 64 30.8124
20 65 30.0607
20 66 29.2819
20 67 28.479
20 68 27.655
20 69 26.8127
20 70 25.9545
20 71 25.083
20 72 24.2004
20 73 23.3087
20 74 22.4097
20 75 21.5051
20 76 20.5964
20 77 19.6849
20 78 18.7718
20 79 17.858
20 80 16.9444
20 81 16.0316
20 82 15.1204
20 83 14.2111
20 84 13.3042
20 85 12.3999
20 86 11.4983
20 87 10.5996
20 88 9.70387
20 89 8.81099
20 90 7.9209
20 91 7.03346
20 92 6.14848
20 93 5.26574
20 94 4.38497
20 95 3.50589
20 96 2.62819
20 97 1.75154
20 98 0.875591
20 99 0
21 0 0
21 1 0.917233
21 2 1.83488
21 3 2.75334
21 4 3.67302
21 5 4.59429
21 6 5.51754
21 7 6.44308
21 8 7.37125
21 9 8.30232
21 10 9.23653
21 11 10.1741
21 12 11.1151
21 13 12.0597
21 14 13.0078
21 15 13.9595
21 16 14.9146
21 17 15.8728
21 18 16.8338
21 19 17.7971
21 20 18.7623
21 21 19.7285
21 22 20.695
21 23 21.6608
21 24 22.6246
21 25 23.5851
21 26 24.5408
21 27 25.4899
21 28 26.4305
21 29 27.3605
21 30 28.2774
21 31 29.1787
21 32 30.0615
21 33 30.9228
21 34 31.7595
21 35 32.5681
21 36 33.3452
21 37 34.0871
21 38 34.7902
21 39 35.4508
21 40 36.0653
21 41 36.63
21 42 37.1417
21 43 37.5971
21 44 37.9934
21 45 38.3278
21 46 38.5982
21 47 38.8028
21 48 38.9401
21 49 39.0091
21 50 39.0094
21 51 38.941
21 52 38.8044
21 53 38.6004
21 54 38.3306
21 55 37.9968
21 56 37.6011
21 57 37.1463
21 58 36.6351
21 59 36.0709
21 60 35.457
21 61 34.7968
21 62 34.0942
21 63 33.3527
21 64 32.576
21 65 31.7677
21 66 30.9314
21 67 30.0704
21 68 29.1878
21 69 28.2868
21 70 27.3701
21 71 26.4403
21 72 25.4998
21 73 24.5507
21 74 23.595
21 75 22.6345
21 76 21.6706
21 77 20.7048
21 78 19.7382
21 79 18.7718
21 80 17.8064
21 81 16.8428
21 82 15.8815
21 83 14.923
21 84 13.9676
21 85 13.0156
21 86 12.067
21 87 11.122
21 88 10.1805
21 89 9.24243
21 90 8.3077
21 91 7.37609
21 92 6.44736
21 93 5.52123
21 94 4.5974
21 95 3.67551
21 96 2.75522
21 97 1.83614
21 98 0.917864
21 99 0
22 0 0
22 1 0.959109
22 2 1.91869
22 3 2.8792
22 4 3.8411
22 5 4.80482
22 6 5.7708
22 7 6.73944
22 8 7.71109
22 9 8.68611
22 10 9.66478
22 11 10.6474
22 12 11.6341
22 13 12.625
22 14 13.6202
22 15 14.6198
22 16 15.6235
22 17 16.6313
22 18 17.6428
22 19 18.6577
22 20 19.6753
22 21 20.695
22 22 21.716
22 23 22.7373
22 24 23.7576
22 25 24.7756
22 26 25.7898
22 27 26.7982
22 28 27.7989
22 29 28.7896
22 30 29.7677
22 31 30.7304
22 32 31.6748
22 33 32.5975
22 34 33.4951
22 35 34.3638
22 36 35.1997
22 37 35.9989
22 38 36.7572
22 39 37.4706
22 40 38.1348
22 41 38.746
22 42 39.3002
22 43 39.7939
22 44 40.2237
22 45 40.5867
22 46 40.8804
22 47 41.1026
22 48 41.2517
22 49 41.3268
22 50 41.3271
22 51 41.2527
22 52 41.1042
22 53 40.8826
22 54 40.5896
22 55 40.2272
22 56 39.7979
22 57 39.3048
22 58 38.7512
22 59 38.1405
22 60 37.4768
22 61 36.764
22 62 36.0061
22 63 35.2073
22 64 34.3718
22 65 33.5035
22 66 32.6062
22 67 31.6838
22 68 30.7397
22 69 29.7772
22 70 28.7993
22 71 27.8088
22 72 26.8082
22 73 25.7998
22 74 24.7857
22 75 23.7677
22 76 22.7473
22 77 21.7259
22 78 20.7048
22 79 19.6849
22 80 18.6671
22 81 17.652
22 82 16.6402
22 83 15.6321
22 84 14.628
22 85 13.628
22 86 12.6324
22 87 11.641
22 88 10.6538
22 89 9.67076
22 90 8.69156
22 91 7.71599
22 92 6.74377
22 93 5.77455
22 94 4.80797
22 95 3.84363
22 96 2.8811
22 97 1.91996
22 98 0.959748
22 99 0
23 0 0
23 1 1.00054
23 2 2.00162
23 3 3.00374
23 4 4.00745
23 5 5.01323
23 6 6.02157
23 7 7.03294
23 8 8.04778
23 9 9.06647
23 10 10.0894
23 11 11.1168
23 12 12.1491
23 13 13.1863
23 14 14.2287
23 15 15.2762
23 16 16.3289
23 17 17.3866
23 18 18.449
23 19 19.5159
23 20 20.5867
23 21 21.6608
23 22 22.7373
23 23 23.8152
23 24 24.8935
23 25 25.9706
23 26 27.0451
23 27 28.1149
23 28 29.1779
23 29 30.2318
23 30 31.2739
23 31 32.3012
23 32 33.3105
23 33 34.2981
23 34 35.2603
23 35 36.1929
23 36 37.0917
23 37 37.9523
23 38 38.77
23 39 39.5402
23 40 40.2582
23 41 40.9196
23 42 41.52
23 43 42.0553
23 44 42.5217
23 45 42.9158
23 46 43.2348
23 47 43.4762
23 48 43.6384
23 49 43.7199
23 50 43.7202
23 51 43.6393
23 52 43.4779
23 53 43.237
23 54 42.9187
23 55 42.5251
23 56 42.0594
23 57 41.5247
23 58 40.9249
23 59 40.264
23 60 39.5465
23 61 38.7768
23 62 37.9596
23 63 37.0994
23 64 36.201
23 65 35.2687
23 66 34.3069
23 67 33.3196
23 68 32.3106
23 69 31.2836
23 70 30.2416
23 71 29.1879
23 72 28.1249
23 73 27.0552
23 74 25.9808
23 75 24.9037
23 76 23.8254
23 77 22.7473
23 78 21.6706
23 79 20.5964
23 80 19.5254
23 81 18.4583
23 82 17.3955
23 83 16.3375
23 84 15.2845
23 85 14.2366
23 86 13.1938
23 87 12.1561
23 88 11.1234
23 89 10.0954
23 90 9.07196
23 91 8.05272
23 92 7.03732
23 93 6.02535
23 94 5.0164
23 95 4.01
23 96 3.00567
23 97 2.0029
23 98 1.00119
23 99 0
24 0 0
24 1 1.04147
24 2 2.08354
24 3 3.1268
24 4 4.17183
24 5 5.21921
24 6 6.26948
24 7 7.32318
24 8 8.38081
24 9 9.44284
24 10 10.5097
24 11 11.5818
24 12 12.6594
24 13 13.7428
24 14 14.8323
24 15 15.9279
24 16 17.0296
24 17 18.1375
24 18 19.2513
24 19 20.3707
24 20 21.4953
24 21 22.6246
24 22 23.7576
24 23 24.8935
24 24 26.0311
24 25 27.169
24 26 28.3056
24 27 29.4389
24 28 30.5667
24 29 31.6866
24 30 32.7957
24 31 33.8908
24 32 34.9685
24 33 36.0248
24 34 37.0557
24 35 38.0566
24 36 39.0228
24 37 39.9494
24 38 40.8311
24 39 41.6627
24 40 42.4391
24 41 43.1551
24 42 43.8058
24 43 44.3864
24 44 44.8927
24 45 45.3208
24 46 45.6675
24 47 45.9301
24 48 46.1064
24 49 46.195
24 50 46.1954
24 51 46.1073
24 52 45.9317
24 53 45.6698
24 54 45.3237
24 55 44.8962
24 56 44.3905
24 57 43.8104
24 58 43.1604
24 59 42.4449
24 60 41.6691
24 61 40.8379
24 62 39.9566
24 63 39.0306
24 64 38.0648
24 65 37.0642
24 66 36.0337
24 67 34.9776
24 68 33.9003
24 69 32.8054
24 70 31.6965
24 71 30.5767
24 72 29.449
24 73 28.3158
24 74 27.1792
24 75 26.0413
24 76 24.9037
24 77 23.7677
24 78 22.6345
24 79 21.5051
24 80 20.3803
24 81 19.2606
24 82 18.1465
24 83 17.0383
24 84 15.9362
24 85 14.8402
24 86 13.7503
24 87 12.6664
24 88 11.5883
24 89 10.5158
24 90 9.44837
24 91 8.38578
24 92 7.32757
24 93 6.27328
24 94 5.2224
24 95 4.1744
24 96 3.12873
24 97 2.08483
24 98 1.04212
24 99 0
25 0 0
25 1 1.08183
25 2 2.16433
25 3 3.24816
25 4 4.33398
25 5 5.42243
25 6 6.51412
25 7 7.60968
25 8 8.70967
25 9 9.81464
25 10 10.9251
25 11 12.0415
25 12 13.1642
25 13 14.2937
25 14 15.4301
25 15 16.5738
25 16 17.7247
25 17 18.8829
25 18 20.0484
25 19 21.2208
25 20 22.3999
25 21 23.5851
25 22 24.7756
25 23 25.9706
25 24 27.169
25 25 28.3693
25 26 29.57
25 27 30.769
25 28 31.9642
25 29 33.1529
25 30 34.3321
25 31 35.4986
25 32 36.6485
25 33 37.7778
25 34 38.8819
25 35 39.9558
25 36 40.9944
25 37 41.992
25 38 42.943
25 39 43.8414
25 40 44.6812
25 41 45.4568
25 42 46.1623
25 43 46.7926
25 44 47.3426
25 45 47.8081
25 46 48.1853
25 47 48.4709
25 48 48.6629
25 49 48.7594
25 50 48.7597
25 51 48.6638
25 52 48.4726
25 53 48.1875
25 54 47.811
25 55 47.3462
25 56 46.7967
25 57 46.167
25 58 45.462
25 59 44.6871
25 60 43.8477
25 61 42.9498
25 62 41.9993
25 63 41.0021
25 64 39.964
25 65 38.8904
25 66 37.7867
25 67 36.6577
25 68 35.508
25 69 34.3418
25 70 33.1627
25 71 31.9742
25 72 30.7792
25 73 29.5802
25 74 28.3796
25 75 27.1792
25 76 25.9808
25 77 24.7857
25 78 23.595
25 79 22.4097
25 80 21.2304
25 81 20.0577
25 82 18.892
25 83 17.7334
25 84 16.5821
25 85 15.4381
25 86 14.3012
25 87 13.1713
25 88 12.0481
25 89 10.9312
25 90 9.82017
25 91 8.71465
25 92 7.61408
25 93 6.51793
25 94 5.42562
25 95 4.33655
25 96 3.2501
25 97 2.16563
25 98 1.08248
25 99 0
26 0 0
26 1 1.12155
26 2 2.24385
26 3 3.36763
26 4 4.49362
26 5 5.62253
26 6 6.75508
26 7 7.89195
26 8 9.03378
26 9 10.1812
26 10 11.3348
26 11 12.4952
26 12 13.6627
26 13 14.8379
26 14 16.0212
26 15 17.2128
26 16 18.4129
26 17 19.6216
26 18 20.839
26 19 22.0648
26 20 23.2989
26 21 24.5408
26 22 25.7898
26 23 27.0451
26 24 28.3056
26 25 29.57
26 26 30.8367
26 27 32.1037
26 28 33.3688
26 29 34.6293
26 30 35.8821
26 31 37.1236
26 32 38.35
26 33 39.5568
26 34 40.7389
26 35 41.8912
26 36 43.0077
26 37 44.0822
26 38 45.1083
26 39 46.0793
26 40 46.9885
26 41 47.8293
26 42 48.5951
26 43 49.2799
26 44 49.8781
26 45 50.3846
26 46 50.7953
26 47 51.1065
26 48 51.3156
26 49 51.4208
26 50 51.4211
26 51 51.3166
26 52 51.1081
26 53 50.7975
26 54 50.3875
26 55 49.8816
26 56 49.284
26 57 48.5998
26 58 47.8345
26 59 46.9943
26 60 46.0856
26 61 45.1151
26 62 44.0895
26 63 43.0154
26 64 41.8993
26 65 40.7475
26 66 39.5656
26 67 38.3592
26 68 37.1331
26 69 35.8917
26 70 34.6391
26 71 33.3788
26 72 32.1138
26 73 30.8469
26 74 29.5802
26 75 28.3158
26 76 27.0552
26 77 25.7998
26 78 24.5507
26 79 23.3087
26 80 22.0744
26 81 20.8483
26 82 19.6306
26 83 18.4215
26 84 17.2211
26 85 16.0291
26 86 14.8454
26 87 13.6698
26 88 12.5017
26 89 11.3409
26 90 10.1867
26 91 9.03874
26 92 7.89633
26 93 6.75888
26 94 5.62572
26 95 4.49618
26 96 3.36956
26 97 2.24514
26 98 1.1222
26 99 0
27 0 0
27 1 1.16056
27 2 2.32195
27 3 3.48497
27 4 4.65044
27 5 5.81916
27 6 6.99191
27 7 8.16945
27 8 9.35253
27 9 10.5419
27 10 11.7381
27 11 12.9419
27 12 14.1539
27 13 15.3745
27 14 16.6043
27 15 17.8437
27 16 19.0929
27 17 20.3521
27 18 21.6216
27 19 22.9012
27 20 24.1907
27 21 25.4899
27 22 26.7982
27 23 28.1149
27 24 29.4389
27 25 30.769
27 26 32.1037
27 27 33.4411
27 28 34.7788
27 29 36.1141
27 30 37.444
27 31 38.7647
27 32 40.072
27 33 41.3611
27 34 42.6268
27 35 43.8631
27 36 45.0637
27 37 46.2216
27 38 47.3296
27 39 48.38
27 40 49.3652
27 41 50.2776
27 42 51.1098
27 43 51.8547
27 44 52.506
27 45 53.058
27 46 53.5057
27 47 53.8451
27 48 54.0732
27 49 54.1879
27 50 54.1882
27 51 54.0741
27 52 53.8467
27 53 53.5079
27 54 53.0608
27 55 52.5095
27 56 51.8588
27 57 51.1144
27 58 50.2828
27 59 49.371
27 60 48.3863
27 61 47.3363
27 62 46.2289
27 63 45.0714
27 64 43.8712
27 65 42.6352
27 66 41.3699
27 67 40.081
27 68 38.774
27 69 37.4536
27 70 36.1239
27 71 34.7887
27 72 33.4511
27 73 32.1138
27 74 30.7792
27 75 29.449
27 76 28.1249
27 77 26.8082
27 78 25.4998
27 79 24.2004
27 80 22.9106
27 81 21.6308
27 82 20.3611
27 83 19.1015
27 84 17.8519
27 85 16.6122
27 86 15.382
27 87 14.1609
27 88 12.9484
27 89 11.7441
27 90 10.5473
27 91 9.35745
27 92 8.1738
27 93 6.99567
27 94 5.82232
27 95 4.65298
27 96 3.48689
27 97 2.32323
27 98 1.16121
27 99 0
28 0 0
28 1 1.19878
28 2 2.39847
28 3 3.59996
28 4 4.80414
28 5 6.0119
28 6 7.22411
28 7 8.44163
28 8 9.66527
28 9 10.8958
28 10 12.1341
28 11 13.3809
28 12 14.6367
28 13 15.9023
28 14 17.1783
28 15 18.4652
28 16 19.7633
28 17 21.073
28 18 22.3946
28 19 23.7281
28 20 25.0735
28 21 26.4305
28 22 27.7989
28 23 29.1779
28 24 30.5667
28 25 31.9642
28 26 33.3688
28 27 34.7788
28 28 36.1918
28 29 37.6053
28 30 39.0159
28 31 40.4199
28 32 41.8128
28 33 43.1897
28 34 44.5448
28 35 45.8717
28 36 47.1633
28 37 48.4119
28 38 49.6092
28 39 50.7467
28 40 51.8156
28 41 52.807
28 42 53.7126
28 43 54.5241
28 44 55.2343
28 45 55.8365
28 46 56.3252
28 47 56.6959
28 48 56.9451
28 49 57.0704
28 50 57.0707
28 51 56.946
28 52 56.6975
28 53 56.3275
28 54 55.8393
28 55 55.2377
28 56 54.5281
28 57 53.7172
28 58 52.8122
28 59 51.8213
28 60 50.7529
28 61 49.6159
28 62 48.419
28 63 47.1709
28 64 45.8797
28 65 44.5532
28 66 43.1984
28 67 41.8218
28 68 40.4291
28 69 39.0254
28 70 37.6149
28 71 36.2017
28 72 34.7887
28 73 33.3788
28 74 31.9742
28 75 30.5767
28 76 29.1879
28 77 27.8088
28 78 26.4403
28 79 25.083
28 80 23.7374
28 81 22.4037
28 82 21.0818
28 83 19.7718
28 84 18.4733
28 85 17.1861
28 86 15.9097
28 87 14.6436
28 88 13.3873
28 89 12.1401
28 90 10.9013
28 91 9.67014
28 92 8.44593
28 93 7.22784
28 94 6.01503
28 95 4.80666
28 96 3.60185
28 97 2.39974
28 98 1.19942
28 99 0
29 0 0
29 1 1.23613
29 2 2.47325
29 3 3.71234
29 4 4.95438
29 5 6.20035
29 6 7.45121
29 7 8.70789
29 8 9.97132
29 9 11.2424
29 10 12.522
29 11 13.811
29 12 15.1102
29 13 16.4202
29 14 17.7419
29 15 19.0758
29 16 20.4225
29 17 21.7825
29 18 23.1561
29 19 24.5436
29 20 25.9451
29 21 27.3605
29 22 28.7896
29 23 30.2318
29 24 31.6866
29 25 33.1529
29 26 34.6293
29 27 36.1141
29 28 37.6053
29 29 39.1
29 30 40.5952
29 31 42.0869
29 32 43.5706
29 33 45.041
29 34 46.4919
29 35 47.9165
29 36 49.3068
29 37 50.6543
29 38 51.9497
29 39 53.183
29 40 54.3443
29 41 55.4234
29 42 56.4103
29 43 57.2958
29 44 58.0714
29 45 58.7295
29 46 59.2638
29 47 59.6692
29 48 59.9417
29 49 60.0788
29 50 60.0791
29 51 59.9427
29 52 59.6708
29 53 59.266
29 54 58.7323
29 55 58.0747
29 56 57.2997
29 57 56.4148
29 58 55.4284
29 59 54.3499
29 60 53.1891
29 61 51.9562
29 62 50.6614
29 63 49.3143
29 64 47.9244
29 65 46.5002
29 66 45.0495
29 67 43.5794
29 68 42.096
29 69 40.6045
29 70 39.1096
29 71 37.6149
29 72 36.1239
29 73 34.6391
29 74 33.1627
29 75 31.6965
29 76 30.2416
29 77 28.7993
29 78 27.3701
29 79 25.9545
29 80 24.5529
29 81 23.1651
29 82 21.7912
29 83 20.4309
29 84 19.0839
29 85 17.7496
29 86 16.4275
29 87 15.117
29 88 13.8173
29 89 12.5279
29 90 11.2477
29 91 9.97612
29 92 8.71213
29 93 7.45487
29 94 6.20343
29 95 4.95686
29 96 3.71421
29 97 2.4745
29 98 1.23675
29 99 0
30 0 0
30 1 1.27252
30 2 2.54612
30 3 3.82186
30 4 5.10083
30 5 6.38408
30 6 7.67266
30 7 8.96762
30 8 10.27
30 9 11.5807
30 10 12.9009
30 11 14.2313
30 12 15.573
30 13 16.9269
30 14 18.2937
30 15 19.6741
30 16 21.069
30 17 22.4789
30 18 23.9044
30 19 25.3458
30 20 26.8034
30 21 28.2774
30 22 29.7677
30 23 31.2739
30 24 32.7957
30 25 34.3321
30 26 35.8821
30 27 37.444
30 28 39.0159
30 29 40.5952
30 30 42.1788
30 31 43.7628
30 32 45.3425
30 33 46.9126
