-50 -50 0
-50 -49 0
-50 -48 0
-50 -47 0
-50 -46 0
-50 -45 0
-50 -44 0
-50 -43 0
-50 -42 0
-50 -41 0
-50 -40 0
-50 -39 0
-50 -38 0
-50 -37 0
-50 -36 0
-50 -35 0
-50 -34 0
-50 -33 0
-50 -32 0
-50 -31 0
-50 -30 0
-50 -29 0
-50 -28 0
-50 -27 0
-50 -26 0
-50 -25 0
-50 -24 0
-50 -23 0
-50 -22 0
-50 -21 0
-50 -20 0
-50 -19 0
-50 -18 0
-50 -17 0
-50 -16 0
-50 -15 0
-50 -14 0
-50 -13 0
-50 -12 0
-50 -11 0
-50 -10 0
-50 -9 0
-50 -8 0
-50 -7 0
-50 -6 0
-50 -5 0
-50 -4 0
-50 -3 0
-50 -2 0
-50 -1 0
-50 0 0
-50 1 0
-50 2 0
-50 3 0
-50 4 0
-50 5 0
-50 6 0
-50 7 0
-50 8 0
-50 9 0
-50 10 0
-50 11 0
-50 12 0
-50 13 0
-50 14 0
-50 15 0
-50 16 0
-50 17 0
-50 18 0
-50 19 0
-50 20 0
-50 21 0
-50 22 0
-50 23 0
-50 24 0
-50 25 0
-50 26 0
-50 27 0
-50 28 0
-50 29 0
-50 30 0
-50 31 0
-50 32 0
-50 33 0
-50 34 0
-50 35 0
-50 36 0
-50 37 0
-50 38 0
-50 39 0
-50 40 0
-50 41 0
-50 42 0
-50 43 0
-50 44 0
-50 45 0
-50 46 0
-50 47 0
-50 48 0
-50 49 0
-50 50 0
-49 -50 0
-49 -49 4.52829e+160
-49 -48 -1.23653e+161
-49 -47 2.73821e+161
-49 -46 -5.71913e+161
-49 -45 9.56263e+161
-49 -44 -1.44503e+162
-49 -43 2.00428e+162
-49 -42 -2.61401e+162
-49 -41 3.24634e+162
-49 -40 -3.87935e+162
-49 -39 4.49533e+162
-49 -38 -5.0831e+162
-49 -37 5.63717e+162
-49 -36 -6.1568e+162
-49 -35 6.64442e+162
-49 -34 -7.10413e+162
-49 -33 7.54052e+162
-49 -32 -7.95777e+162
-49 -31 8.3593e+162
-49 -30 -8.74757e+162
-49 -29 9.12416e+162
-49 -28 -9.48999e+162
-49 -27 9.84546e+162
-49 -26 -1.01907e+163
-49 -25 1.05255e+163
-49 -24 -1.08497e+163
-49 -23 1.1163e+163
-49 -22 -1.14651e+163
-49 -21 1.17558e+163
-49 -20 -1.20348e+163
-49 -19 1.23017e+163
-49 -18 -1.25563e+163
-49 -17 1.27984e+163
-49 -16 -1.30277e+163
-49 -15 1.3244e+163
-49 -14 -1.34471e+163
-49 -13 1.36368e+163
-49 -12 -1.38128e+163
-49 -11 1.39751e+163
-49 -10 -1.41235e+163
-49 -9 1.42578e+163
-49 -8 -1.43779e+163
-49 -7 1.44837e+163
-49 -6 -1.45751e+163
-49 -5 1.4652e+163
-49 -4 -1.47143e+163
-49 -3 1.4762e+163
-49 -2 -1.47951e+163
-49 -1 1.48135e+163
-49 0 -1.48172e+163
-49 1 1.48062e+163
-49 2 -1.47806e+163
-49 3 1.47404e+163
-49 4 -1.46856e+163
-49 5 1.46163e+163
-49 6 -1.45325e+163
-49 7 1.44345e+163
-49 8 -1.43222e+163
-49 9 1.41959e+163
-49 10 -1.40556e+163
-49 11 1.39015e+163
-49 12 -1.37337e+163
-49 13 1.35525e+163
-49 14 -1.33581e+163
-49 15 1.31505e+163
-49 16 -1.29301e+163
-49 17 1.26971e+163
-49 18 -1.24518e+163
-49 19 1.21942e+163
-49 20 -1.19249e+163
-49 21 1.16439e+163
-49 22 -1.13516e+163
-49 23 1.10484e+163
-49 24 -1.07344e+163
-49 25 1.041e+163
-49 26 -1.00756e+163
-49 27 9.73143e+162
-49 28 -9.37787e+162
-49 29 9.01528e+162
-49 30 -8.644e+162
-49 31 8.2644e+162
-49 32 -7.87686e+162
-49 33 7.48176e+162
-49 34 -7.07947e+162
-49 35 6.6704e+162
-49 36 -6.25493e+162
-49 37 5.83347e+162
-49 38 -5.40644e+162
-49 39 4.97423e+162
-49 40 -4.53726e+162
-49 41 4.09597e+162
-49 42 -3.65076e+162
-49 43 3.20206e+162
-49 44 -2.75032e+162
-49 45 2.29595e+162
-49 46 -1.83939e+162
-49 47 1.38108e+162
-49 48 -9.2145e+161
-49 49 4.60945e+161
-49 50 0
-48 -50 0
-48 -49 -1.23653e+161
-48 -48 2.26366e+161
-48 -47 -4.71036e+161
-48 -46 9.29581e+161
-48 -45 -1.71851e+162
-48 -44 2.661e+162
-48 -43 -3.78128e+162
-48 -42 5.0033e+162
-48 -41 -6.28386e+162
-48 -40 7.57182e+162
-48 -39 -8.83074e+162
-48 -38 1.00347e+163
-48 -37 -1.11704e+163
-48 -36 1.22342e+163
-48 -35 -1.32301e+163
-48 -34 1.41657e+163
-48 -33 -1.50504e+163
-48 -32 1.58933e+163
-48 -31 -1.67018e+163
-48 -30 1.74817e+163
-48 -29 -1.82367e+163
-48 -28 1.89693e+163
-48 -27 -1.96805e+163
-48 -26 2.03709e+163
-48 -25 -2.10404e+163
-48 -24 2.16885e+163
-48 -23 -2.23149e+163
-48 -22 2.29189e+163
-48 -21 -2.35e+163
-48 -20 2.40576e+163
-48 -19 -2.45912e+163
-48 -18 2.51002e+163
-48 -17 -2.55841e+163
-48 -16 2.60425e+163
-48 -15 -2.64749e+163
-48 -14 2.68809e+163
-48 -13 -2.72601e+163
-48 -12 2.7612e+163
-48 -11 -2.79365e+163
-48 -10 2.82331e+163
-48 -9 -2.85016e+163
-48 -8 2.87417e+163
-48 -7 -2.89532e+163
-48 -6 2.91359e+163
-48 -5 -2.92896e+163
-48 -4 2.94142e+163
-48 -3 -2.95096e+163
-48 -2 2.95757e+163
-48 -1 -2.96125e+163
-48 0 2.96199e+163
-48 1 -2.9598e+163
-48 2 2.95468e+163
-48 3 -2.94664e+163
-48 4 2.93568e+163
-48 5 -2.92183e+163
-48 6 2.9051e+163
-48 7 -2.8855e+163
-48 8 2.86306e+163
-48 9 -2.8378e+163
-48 10 2.80975e+163
-48 11 -2.77895e+163
-48 12 2.74542e+163
-48 13 -2.70919e+163
-48 14 2.67032e+163
-48 15 -2.62883e+163
-48 16 2.58478e+163
-48 17 -2.5382e+163
-48 18 2.48915e+163
-48 19 -2.43767e+163
-48 20 2.38383e+163
-48 21 -2.32766e+163
-48 22 2.26924e+163
-48 23 -2.20861e+163
-48 24 2.14585e+163
-48 25 -2.08101e+163
-48 26 2.01415e+163
-48 27 -1.94535e+163
-48 28 1.87468e+163
-48 29 -1.80219e+163
-48 30 1.72797e+163
-48 31 -1.65209e+163
-48 32 1.57462e+163
-48 33 -1.49564e+163
-48 34 1.41522e+163
-48 35 -1.33344e+163
-48 36 1.25039e+163
-48 37 -1.16614e+163
-48 38 1.08077e+163
-48 39 -9.94371e+162
-48 40 9.0702e+162
-48 41 -8.18802e+162
-48 42 7.29803e+162
-48 43 -6.40108e+162
-48 44 5.49801e+162
-48 45 -4.58971e+162
-48 46 3.67703e+162
-48 47 -2.76084e+162
-48 48 1.84202e+162
-48 49 -9.2145e+161
-48 50 0
-47 -50 0
-47 -49 2.73821e+161
-47 -48 -4.71036e+161
-47 -47 6.10492e+161
-47 -46 -1.10276e+162
-47 -45 2.01274e+162
-47 -44 -3.46239e+162
-47 -43 5.09381e+162
-47 -42 -6.94539e+162
-47 -41 8.89438e+162
-47 -40 -1.08791e+163
-47 -39 1.28312e+163
-47 -38 -1.47072e+163
-47 -37 1.64795e+163
-47 -36 -1.81382e+163
-47 -35 1.96856e+163
-47 -34 -2.11319e+163
-47 -33 2.24914e+163
-47 -32 -2.37788e+163
-47 -31 2.5007e+163
-47 -30 -2.61864e+163
-47 -29 2.73245e+163
-47 -28 -2.84262e+163
-47 -27 2.94943e+163
-47 -26 -3.05301e+163
-47 -25 3.1534e+163
-47 -24 -3.25057e+163
-47 -23 3.34446e+163
-47 -22 -3.43499e+163
-47 -21 3.52209e+163
-47 -20 -3.60566e+163
-47 -19 3.68564e+163
-47 -18 -3.76193e+163
-47 -17 3.83446e+163
-47 -16 -3.90316e+163
-47 -15 3.96797e+163
-47 -14 -4.02882e+163
-47 -13 4.08565e+163
-47 -12 -4.13841e+163
-47 -11 4.18704e+163
-47 -10 -4.23149e+163
-47 -9 4.27174e+163
-47 -8 -4.30772e+163
-47 -7 4.33942e+163
-47 -6 -4.36681e+163
-47 -5 4.38985e+163
-47 -4 -4.40853e+163
-47 -3 4.42283e+163
-47 -2 -4.43274e+163
-47 -1 4.43826e+163
-47 0 -4.43937e+163
-47 1 4.43609e+163
-47 2 -4.42842e+163
-47 3 4.41637e+163
-47 4 -4.39995e+163
-47 5 4.37919e+163
-47 6 -4.35411e+163
-47 7 4.32474e+163
-47 8 -4.29111e+163
-47 9 4.25326e+163
-47 10 -4.21123e+163
-47 11 4.16506e+163
-47 12 -4.1148e+163
-47 13 4.06052e+163
-47 14 -4.00225e+163
-47 15 3.94008e+163
-47 16 -3.87405e+163
-47 17 3.80424e+163
-47 18 -3.73073e+163
-47 19 3.65358e+163
-47 20 -3.57287e+163
-47 21 3.48869e+163
-47 22 -3.40113e+163
-47 23 3.31027e+163
-47 24 -3.2162e+163
-47 25 3.11901e+163
-47 26 -3.01881e+163
-47 27 2.9157e+163
-47 28 -2.80977e+163
-47 29 2.70113e+163
-47 30 -2.58989e+163
-47 31 2.47616e+163
-47 32 -2.36005e+163
-47 33 2.24167e+163
-47 34 -2.12114e+163
-47 35 1.99857e+163
-47 36 -1.87409e+163
-47 37 1.74782e+163
-47 38 -1.61987e+163
-47 39 1.49037e+163
-47 40 -1.35945e+163
-47 41 1.22723e+163
-47 42 -1.09384e+163
-47 43 9.59399e+162
-47 44 -8.24047e+162
-47 45 6.87909e+162
-47 46 -5.51116e+162
-47 47 4.13797e+162
-47 48 -2.76084e+162
-47 49 1.38108e+162
-47 50 0
-46 -50 0
-46 -49 -5.71913e+161
-46 -48 9.29581e+161
-46 -47 -1.10276e+162
-46 -46 1.22457e+162
-46 -45 -2.03398e+162
-46 -44 3.51881e+162
-46 -43 -5.77306e+162
-46 -42 8.19613e+162
-46 -41 -1.08555e+163
-46 -40 1.35803e+163
-46 -39 -1.62962e+163
-46 -38 1.89226e+163
-46 -37 -2.14141e+163
-46 -36 2.37458e+163
-46 -35 -2.59141e+163
-46 -34 2.79291e+163
-46 -33 -2.98087e+163
-46 -32 3.15741e+163
-46 -31 -3.32456e+163
-46 -30 3.48401e+163
-46 -29 -3.63708e+163
-46 -28 3.78471e+163
-46 -27 -3.92748e+163
-46 -26 4.06571e+163
-46 -25 -4.19955e+163
-46 -24 4.32903e+163
-46 -23 -4.4541e+163
-46 -22 4.57469e+163
-46 -21 -4.69069e+163
-46 -20 4.802e+163
-46 -19 -4.90851e+163
-46 -18 5.01011e+163
-46 -17 -5.10672e+163
-46 -16 5.19822e+163
-46 -15 -5.28454e+163
-46 -14 5.36558e+163
-46 -13 -5.44127e+163
-46 -12 5.51154e+163
-46 -11 -5.57631e+163
-46 -10 5.63552e+163
-46 -9 -5.68912e+163
-46 -8 5.73705e+163
-46 -7 -5.77927e+163
-46 -6 5.81575e+163
-46 -5 -5.84644e+163
-46 -4 5.87132e+163
-46 -3 -5.89037e+163
-46 -2 5.90358e+163
-46 -1 -5.91093e+163
-46 0 5.91242e+163
-46 1 -5.90806e+163
-46 2 5.89784e+163
-46 3 -5.8818e+163
-46 4 5.85994e+163
-46 5 -5.8323e+163
-46 6 5.7989e+163
-46 7 -5.75979e+163
-46 8 5.715e+163
-46 9 -5.6646e+163
-46 10 5.60862e+163
-46 11 -5.54714e+163
-46 12 5.48021e+163
-46 13 -5.40791e+163
-46 14 5.33032e+163
-46 15 -5.24752e+163
-46 16 5.15958e+163
-46 17 -5.06662e+163
-46 18 4.96871e+163
-46 19 -4.86596e+163
-46 20 4.75848e+163
-46 21 -4.64637e+163
-46 22 4.52975e+163
-46 23 -4.40874e+163
-46 24 4.28345e+163
-46 25 -4.15402e+163
-46 26 4.02058e+163
-46 27 -3.88325e+163
-46 28 3.74217e+163
-46 29 -3.59748e+163
-46 30 3.44933e+163
-46 31 -3.29786e+163
-46 32 3.14322e+163
-46 33 -2.98555e+163
-46 34 2.82503e+163
-46 35 -2.66179e+163
-46 36 2.496e+163
-46 37 -2.32782e+163
-46 38 2.15742e+163
-46 39 -1.98495e+163
-46 40 1.81058e+163
-46 41 -1.63448e+163
-46 42 1.45682e+163
-46 43 -1.27777e+163
-46 44 1.09751e+163
-46 45 -9.16192e+162
-46 46 7.34004e+162
-46 47 -5.51116e+162
-46 48 3.67703e+162
-46 49 -1.83939e+162
-46 50 0
-45 -50 0
-45 -49 9.56263e+161
-45 -48 -1.71851e+162
-45 -47 2.01274e+162
-45 -46 -2.03398e+162
-45 -45 2.0685e+162
-45 -44 -3.25351e+162
-45 -43 5.4203e+162
-45 -42 -8.60483e+162
-45 -41 1.19082e+163
-45 -40 -1.54431e+163
-45 -39 1.89894e+163
-45 -38 -2.2465e+163
-45 -37 2.57807e+163
-45 -36 -2.88924e+163
-45 -35 3.17806e+163
-45 -34 -3.44503e+163
-45 -33 3.69208e+163
-45 -32 -3.9219e+163
-45 -31 4.13736e+163
-45 -30 -4.34109e+163
-45 -29 4.53523e+163
-45 -28 -4.72141e+163
-45 -27 4.90073e+163
-45 -26 -5.0739e+163
-45 -25 5.2413e+163
-45 -24 -5.40308e+163
-45 -23 5.55928e+163
-45 -22 -5.70983e+163
-45 -21 5.85464e+163
-45 -20 -5.99358e+163
-45 -19 6.12652e+163
-45 -18 -6.25335e+163
-45 -17 6.37393e+163
-45 -16 -6.48815e+163
-45 -15 6.59589e+163
-45 -14 -6.69705e+163
-45 -13 6.79153e+163
-45 -12 -6.87924e+163
-45 -11 6.96009e+163
-45 -10 -7.034e+163
-45 -9 7.10091e+163
-45 -8 -7.16074e+163
-45 -7 7.21345e+163
-45 -6 -7.25899e+163
-45 -5 7.2973e+163
-45 -4 -7.32837e+163
-45 -3 7.35216e+163
-45 -2 -7.36865e+163
-45 -1 7.37783e+163
-45 0 -7.3797e+163
-45 1 7.37426e+163
-45 2 -7.36152e+163
-45 3 7.3415e+163
-45 4 -7.31423e+163
-45 5 7.27973e+163
-45 6 -7.23805e+163
-45 7 7.18924e+163
-45 8 -7.13335e+163
-45 9 7.07044e+163
-45 10 -7.00058e+163
-45 11 6.92384e+163
-45 12 -6.84031e+163
-45 13 6.75008e+163
-45 14 -6.65324e+163
-45 15 6.54989e+163
-45 16 -6.44014e+163
-45 17 6.3241e+163
-45 18 -6.2019e+163
-45 19 6.07366e+163
-45 20 -5.9395e+163
-45 21 5.79958e+163
-45 22 -5.65402e+163
-45 23 5.50297e+163
-45 24 -5.3466e+163
-45 25 5.18505e+163
-45 26 -5.01848e+163
-45 27 4.84707e+163
-45 28 -4.67098e+163
-45 29 4.49039e+163
-45 30 -4.30547e+163
-45 31 4.1164e+163
-45 32 -3.92338e+163
-45 33 3.72659e+163
-45 34 -3.52622e+163
-45 35 3.32247e+163
-45 36 -3.11553e+163
-45 37 2.90561e+163
-45 38 -2.69291e+163
-45 39 2.47763e+163
-45 40 -2.25998e+163
-45 41 2.04018e+163
-45 42 -1.81842e+163
-45 43 1.59493e+163
-45 44 -1.36992e+163
-45 45 1.1436e+163
-45 46 -9.16192e+162
-45 47 6.87909e+162
-45 48 -4.58971e+162
-45 49 2.29595e+162
-45 50 0
-44 -50 0
-44 -49 -1.44503e+162
-44 -48 2.661e+162
-44 -47 -3.46239e+162
-44 -46 3.51881e+162
-44 -45 -3.25351e+162
-44 -44 3.12931e+162
-44 -43 -4.74148e+162
-44 -42 7.68691e+162
-44 -41 -1.19171e+163
-44 -40 1.61835e+163
-44 -39 -2.06591e+163
-44 -38 2.5073e+163
-44 -37 -2.93389e+163
-44 -36 3.33613e+163
-44 -35 -3.71001e+163
-44 -34 4.05438e+163
-44 -33 -4.37076e+163
-44 -32 4.66218e+163
-44 -31 -4.93235e+163
-44 -30 5.18498e+163
-44 -29 -5.42337e+163
-44 -28 5.65015e+163
-44 -27 -5.86727e+163
-44 -26 6.07606e+163
-44 -25 -6.27733e+163
-44 -24 6.47153e+163
-44 -23 -6.65883e+163
-44 -22 6.83926e+163
-44 -21 -7.01276e+163
-44 -20 7.17921e+163
-44 -19 -7.33848e+163
-44 -18 7.4904e+163
-44 -17 -7.63485e+163
-44 -16 7.77167e+163
-44 -15 -7.90073e+163
-44 -14 8.02192e+163
-44 -13 -8.1351e+163
-44 -12 8.24016e+163
-44 -11 -8.33702e+163
-44 -10 8.42556e+163
-44 -9 -8.50572e+163
-44 -8 8.5774e+163
-44 -7 -8.64055e+163
-44 -6 8.6951e+163
-44 -5 -8.74101e+163
-44 -4 8.77824e+163
-44 -3 -8.80674e+163
-44 -2 8.82651e+163
-44 -1 -8.83752e+163
-44 0 8.83977e+163
-44 1 -8.83326e+163
-44 2 8.81802e+163
-44 3 -8.79405e+163
-44 4 8.76139e+163
-44 5 -8.72008e+163
-44 6 8.67017e+163
-44 7 -8.61171e+163
-44 8 8.54477e+163
-44 9 -8.46942e+163
-44 10 8.38575e+163
-44 11 -8.29384e+163
-44 12 8.19379e+163
-44 13 -8.08572e+163
-44 14 7.96972e+163
-44 15 -7.84593e+163
-44 16 7.71447e+163
-44 17 -7.57549e+163
-44 18 7.42911e+163
-44 19 -7.2755e+163
-44 20 7.11481e+163
-44 21 -6.9472e+163
-44 22 6.77285e+163
-44 23 -6.59192e+163
-44 24 6.40461e+163
-44 25 -6.2111e+163
-44 26 6.01158e+163
-44 27 -5.80625e+163
-44 28 5.59532e+163
-44 29 -5.37899e+163
-44 30 5.15748e+163
-44 31 -4.931e+163
-44 32 4.69979e+163
-44 33 -4.46405e+163
-44 34 4.22404e+163
-44 35 -3.97997e+163
-44 36 3.73208e+163
-44 37 -3.48062e+163
-44 38 3.22583e+163
-44 39 -2.96795e+163
-44 40 2.70723e+163
-44 41 -2.44393e+163
-44 42 2.17829e+163
-44 43 -1.91057e+163
-44 44 1.64103e+163
-44 45 -1.36992e+163
-44 46 1.09751e+163
-44 47 -8.24047e+162
-44 48 5.49801e+162
-44 49 -2.75032e+162
-44 50 0
-43 -50 0
-43 -49 2.00428e+162
-43 -48 -3.78128e+162
-43 -47 5.09381e+162
-43 -46 -5.77306e+162
-43 -45 5.4203e+162
-43 -44 -4.74148e+162
-43 -43 4.3918e+162
-43 -42 -6.47921e+162
-43 -41 1.0294e+163
-43 -40 -1.56794e+163
-43 -39 2.09885e+163
-43 -38 -2.64686e+163
-43 -37 3.17956e+163
-43 -36 -3.68821e+163
-43 -35 4.16283e+163
-43 -34 -4.60008e+163
-43 -33 4.99981e+163
-43 -32 -5.36479e+163
-43 -31 5.69929e+163
-43 -30 -6.00817e+163
-43 -29 6.2961e+163
-43 -28 -6.56709e+163
-43 -27 6.82433e+163
-43 -26 -7.07013e+163
-43 -25 7.30603e+163
-43 -24 -7.53298e+163
-43 -23 7.75149e+163
-43 -22 -7.96179e+163
-43 -21 8.16389e+163
-43 -20 -8.35772e+163
-43 -19 8.54316e+163
-43 -18 -8.72004e+163
-43 -17 8.88822e+163
-43 -16 -9.04751e+163
-43 -15 9.19778e+163
-43 -14 -9.33887e+163
-43 -13 9.47064e+163
-43 -12 -9.59297e+163
-43 -11 9.70574e+163
-43 -10 -9.80884e+163
-43 -9 9.90217e+163
-43 -8 -9.98564e+163
-43 -7 1.00592e+164
-43 -6 -1.01227e+164
-43 -5 1.01762e+164
-43 -4 -1.02195e+164
-43 -3 1.02527e+164
-43 -2 -1.02757e+164
-43 -1 1.02886e+164
-43 0 -1.02912e+164
-43 1 1.02836e+164
-43 2 -1.02659e+164
-43 3 1.0238e+164
-43 4 -1.02e+164
-43 5 1.01519e+164
-43 6 -1.00939e+164
-43 7 1.00258e+164
-43 8 -9.94789e+163
-43 9 9.86019e+163
-43 10 -9.76279e+163
-43 11 9.6558e+163
-43 12 -9.53934e+163
-43 13 9.41353e+163
-43 14 -9.2785e+163
-43 15 9.13439e+163
-43 16 -8.98136e+163
-43 17 8.81956e+163
-43 18 -8.64916e+163
-43 19 8.47033e+163
-43 20 -8.28326e+163
-43 21 8.08814e+163
-43 22 -7.88516e+163
-43 23 7.67453e+163
-43 24 -7.45646e+163
-43 25 7.23118e+163
-43 26 -6.9989e+163
-43 27 6.75985e+163
-43 28 -6.51429e+163
-43 29 6.26243e+163
-43 30 -6.00455e+163
-43 31 5.74088e+163
-43 32 -5.4717e+163
-43 33 5.19725e+163
-43 34 -4.91781e+163
-43 35 4.63366e+163
-43 36 -4.34506e+163
-43 37 4.0523e+163
-43 38 -3.75566e+163
-43 39 3.45543e+163
-43 40 -3.15189e+163
-43 41 2.84534e+163
-43 42 -2.53607e+163
-43 43 2.22438e+163
-43 44 -1.91057e+163
-43 45 1.59493e+163
-43 46 -1.27777e+163
-43 47 9.59399e+162
-43 48 -6.40108e+162
-43 49 3.20206e+162
-43 50 0
-42 -50 0
-42 -49 -2.61401e+162
-42 -48 5.0033e+162
-42 -47 -6.94539e+162
-42 -46 8.19613e+162
-42 -45 -8.60483e+162
-42 -44 7.68691e+162
-42 -43 -6.47921e+162
-42 -42 5.84317e+162
-42 -41 -8.45202e+162
-42 -40 1.32229e+163
-42 -39 -1.98684e+163
-42 -38 2.62972e+163
-42 -37 -3.2843e+163
-42 -36 3.91265e+163
-42 -35 -4.50618e+163
-42 -34 5.05471e+163
-42 -33 -5.5558e+163
-42 -32 6.01053e+163
-42 -31 -6.42311e+163
-42 -30 6.79925e+163
-42 -29 -7.14506e+163
-42 -28 7.46627e+163
-42 -27 -7.7677e+163
-42 -26 8.0531e+163
-42 -25 -8.32518e+163
-42 -24 8.58573e+163
-42 -23 -8.83585e+163
-42 -22 9.07612e+163
-42 -21 -9.30679e+163
-42 -20 9.52789e+163
-42 -19 -9.73936e+163
-42 -18 9.94106e+163
-42 -17 -1.01328e+164
-42 -16 1.03144e+164
-42 -15 -1.04857e+164
-42 -14 1.06466e+164
-42 -13 -1.07969e+164
-42 -12 1.09363e+164
-42 -11 -1.10649e+164
-42 -10 1.11825e+164
-42 -9 -1.12889e+164
-42 -8 1.13841e+164
-42 -7 -1.14679e+164
-42 -6 1.15404e+164
-42 -5 -1.16013e+164
-42 -4 1.16508e+164
-42 -3 -1.16886e+164
-42 -2 1.17149e+164
-42 -1 -1.17296e+164
-42 0 1.17326e+164
-42 1 -1.1724e+164
-42 2 1.17038e+164
-42 3 -1.1672e+164
-42 4 1.16287e+164
-42 5 -1.15739e+164
-42 6 1.15077e+164
-42 7 -1.14302e+164
-42 8 1.13414e+164
-42 9 -1.12414e+164
-42 10 1.11304e+164
-42 11 -1.10084e+164
-42 12 1.08757e+164
-42 13 -1.07322e+164
-42 14 1.05783e+164
-42 15 -1.0414e+164
-42 16 1.02396e+164
-42 17 -1.00551e+164
-42 18 9.86087e+163
-42 19 -9.657e+163
-42 20 9.44374e+163
-42 21 -9.22129e+163
-42 22 8.98988e+163
-42 23 -8.74976e+163
-42 24 8.50115e+163
-42 25 -8.24431e+163
-42 26 7.9795e+163
-42 27 -7.70697e+163
-42 28 7.42701e+163
-42 29 -7.13988e+163
-42 30 6.84587e+163
-42 31 -6.54526e+163
-42 32 6.23837e+163
-42 33 -5.92547e+163
-42 34 5.60689e+163
-42 35 -5.28292e+163
-42 36 4.95389e+163
-42 37 -4.62011e+163
-42 38 4.28191e+163
-42 39 -3.93961e+163
-42 40 3.59354e+163
-42 41 -3.24404e+163
-42 42 2.89144e+163
-42 43 -2.53607e+163
-42 44 2.17829e+163
-42 45 -1.81842e+163
-42 46 1.45682e+163
-42 47 -1.09384e+163
-42 48 7.29803e+162
-42 49 -3.65076e+162
-42 50 0
-41 -50 0
-41 -49 3.24634e+162
-41 -48 -6.28386e+162
-41 -47 8.89438e+162
-41 -46 -1.08555e+163
-41 -45 1.19082e+163
-41 -44 -1.19171e+163
-41 -43 1.0294e+163
-41 -42 -8.45202e+162
-41 -41 7.47345e+162
-41 -40 -1.06483e+163
-41 -39 1.64584e+163
-41 -38 -2.44645e+163
-41 -37 3.20859e+163
-41 -36 -3.97552e+163
-41 -35 4.70353e+163
-41 -34 -5.38448e+163
-41 -33 6.00819e+163
-41 -32 -6.57335e+163
-41 -31 7.08251e+163
-41 -30 -7.54152e+163
-41 -29 7.95768e+163
-41 -28 -8.33851e+163
-41 -27 8.69085e+163
-41 -26 -9.02041e+163
-41 -25 9.33157e+163
-41 -24 -9.62744e+163
-41 -23 9.91009e+163
-41 -22 -1.01808e+164
-41 -21 1.04401e+164
-41 -20 -1.06885e+164
-41 -19 1.09259e+164
-41 -18 -1.11522e+164
-41 -17 1.13674e+164
-41 -16 -1.15711e+164
-41 -15 1.17634e+164
-41 -14 -1.19438e+164
-41 -13 1.21124e+164
-41 -12 -1.22689e+164
-41 -11 1.24132e+164
-41 -10 -1.25451e+164
-41 -9 1.26645e+164
-41 -8 -1.27713e+164
-41 -7 1.28654e+164
-41 -6 -1.29467e+164
-41 -5 1.30151e+164
-41 -4 -1.30706e+164
-41 -3 1.31131e+164
-41 -2 -1.31426e+164
-41 -1 1.31591e+164
-41 0 -1.31625e+164
-41 1 1.31529e+164
-41 2 -1.31303e+164
-41 3 1.30946e+164
-41 4 -1.30461e+164
-41 5 1.29846e+164
-41 6 -1.29104e+164
-41 7 1.28234e+164
-41 8 -1.27238e+164
-41 9 1.26117e+164
-41 10 -1.24871e+164
-41 11 1.23503e+164
-41 12 -1.22014e+164
-41 13 1.20405e+164
-41 14 -1.18679e+164
-41 15 1.16836e+164
-41 16 -1.14879e+164
-41 17 1.1281e+164
-41 18 -1.10631e+164
-41 19 1.08344e+164
-41 20 -1.05951e+164
-41 21 1.03456e+164
-41 22 -1.0086e+164
-41 23 9.81657e+163
-41 24 -9.53767e+163
-41 25 9.24952e+163
-41 26 -8.95243e+163
-41 27 8.64669e+163
-41 28 -8.3326e+163
-41 29 8.01047e+163
-41 30 -7.68062e+163
-41 31 7.34337e+163
-41 32 -6.99906e+163
-41 33 6.64802e+163
-41 34 -6.29059e+163
-41 35 5.92713e+163
-41 36 -5.55798e+163
-41 37 5.18351e+163
-41 38 -4.80407e+163
-41 39 4.42003e+163
-41 40 -4.03176e+163
-41 41 3.63964e+163
-41 42 -3.24404e+163
-41 43 2.84534e+163
-41 44 -2.44393e+163
-41 45 2.04018e+163
-41 46 -1.63448e+163
-41 47 1.22723e+163
-41 48 -8.18802e+162
-41 49 4.09597e+162
-41 50 0
-40 -50 0
-40 -49 -3.87935e+162
-40 -48 7.57182e+162
-40 -47 -1.08791e+163
-40 -46 1.35803e+163
-40 -45 -1.54431e+163
-40 -44 1.61835e+163
-40 -43 -1.56794e+163
-40 -42 1.32229e+163
-40 -41 -1.06483e+163
-40 -40 9.27433e+162
-40 -39 -1.3058e+163
-40 -38 1.99865e+163
-40 -37 -2.94482e+163
-40 -36 3.8331e+163
-40 -35 -4.71771e+163
-40 -34 5.54903e+163
-40 -33 -6.31961e+163
-40 -32 7.01946e+163
-40 -31 -7.64868e+163
-40 -30 8.21148e+163
-40 -29 -8.71557e+163
-40 -28 9.16998e+163
-40 -27 -9.58375e+163
-40 -26 9.96497e+163
-40 -25 -1.03203e+164
-40 -24 1.06547e+164
-40 -23 -1.09717e+164
-40 -22 1.12738e+164
-40 -21 -1.15624e+164
-40 -20 1.18381e+164
-40 -19 -1.21014e+164
-40 -18 1.23523e+164
-40 -17 -1.25906e+164
-40 -16 1.28164e+164
-40 -15 -1.30294e+164
-40 -14 1.32293e+164
-40 -13 -1.3416e+164
-40 -12 1.35894e+164
-40 -11 -1.37492e+164
-40 -10 1.38954e+164
-40 -9 -1.40277e+164
-40 -8 1.4146e+164
-40 -7 -1.42502e+164
-40 -6 1.43403e+164
-40 -5 -1.44161e+164
-40 -4 1.44776e+164
-40 -3 -1.45248e+164
-40 -2 1.45575e+164
-40 -1 -1.45758e+164
-40 0 1.45796e+164
-40 1 -1.4569e+164
-40 2 1.45439e+164
-40 3 -1.45045e+164
-40 4 1.44507e+164
-40 5 -1.43827e+164
-40 6 1.43005e+164
-40 7 -1.42042e+164
-40 8 1.40939e+164
-40 9 -1.39697e+164
-40 10 1.38318e+164
-40 11 -1.36803e+164
-40 12 1.35154e+164
-40 13 -1.33372e+164
-40 14 1.3146e+164
-40 15 -1.29419e+164
-40 16 1.27251e+164
-40 17 -1.24959e+164
-40 18 1.22546e+164
-40 19 -1.20013e+164
-40 20 1.17363e+164
-40 21 -1.14599e+164
-40 22 1.11723e+164
-40 23 -1.08739e+164
-40 24 1.0565e+164
-40 25 -1.02458e+164
-40 26 9.91677e+163
-40 27 -9.57811e+163
-40 28 9.2302e+163
-40 29 -8.87338e+163
-40 30 8.50801e+163
-40 31 -8.13444e+163
-40 32 7.75305e+163
-40 33 -7.3642e+163
-40 34 6.96828e+163
-40 35 -6.56566e+163
-40 36 6.15675e+163
-40 37 -5.74194e+163
-40 38 5.32163e+163
-40 39 -4.89622e+163
-40 40 4.46612e+163
-40 41 -4.03176e+163
-40 42 3.59354e+163
-40 43 -3.15189e+163
-40 44 2.70723e+163
-40 45 -2.25998e+163
-40 46 1.81058e+163
-40 47 -1.35945e+163
-40 48 9.0702e+162
-40 49 -4.53726e+162
-40 50 0
-39 -50 0
-39 -49 4.49533e+162
-39 -48 -8.83074e+162
-39 -47 1.28312e+163
-39 -46 -1.62962e+163
-39 -45 1.89894e+163
-39 -44 -2.06591e+163
-39 -43 2.09885e+163
-39 -42 -1.98684e+163
-39 -41 1.64584e+163
-39 -40 -1.3058e+163
-39 -39 1.1238e+163
-39 -38 -1.56709e+163
-39 -37 2.37926e+163
-39 -36 -3.47995e+163
-39 -35 4.50074e+163
-39 -34 -5.50793e+163
-39 -33 6.44578e+163
-39 -32 -7.30784e+163
-39 -31 8.0845e+163
-39 -30 -8.7775e+163
-39 -29 9.39295e+163
-39 -28 -9.94059e+163
-39 -27 1.04313e+164
-39 -26 -1.08759e+164
-39 -25 1.12836e+164
-39 -24 -1.16621e+164
-39 -23 1.20171e+164
-39 -22 -1.23527e+164
-39 -21 1.26716e+164
-39 -20 -1.29752e+164
-39 -19 1.32645e+164
-39 -18 -1.35399e+164
-39 -17 1.38014e+164
-39 -16 -1.4049e+164
-39 -15 1.42825e+164
-39 -14 -1.45017e+164
-39 -13 1.47064e+164
-39 -12 -1.48965e+164
-39 -11 1.50718e+164
-39 -10 -1.5232e+164
-39 -9 1.5377e+164
-39 -8 -1.55068e+164
-39 -7 1.56211e+164
-39 -6 -1.57199e+164
-39 -5 1.5803e+164
-39 -4 -1.58705e+164
-39 -3 1.59222e+164
-39 -2 -1.59581e+164
-39 -1 1.59782e+164
-39 0 -1.59824e+164
-39 1 1.59708e+164
-39 2 -1.59434e+164
-39 3 1.59002e+164
-39 4 -1.58413e+164
-39 5 1.57668e+164
-39 6 -1.56767e+164
-39 7 1.55712e+164
-39 8 -1.54503e+164
-39 9 1.53142e+164
-39 10 -1.5163e+164
-39 11 1.4997e+164
-39 12 -1.48162e+164
-39 13 1.46209e+164
-39 14 -1.44113e+164
-39 15 1.41876e+164
-39 16 -1.395e+164
-39 17 1.36988e+164
-39 18 -1.34342e+164
-39 19 1.31566e+164
-39 20 -1.28661e+164
-39 21 1.25631e+164
-39 22 -1.22479e+164
-39 23 1.19208e+164
-39 24 -1.15822e+164
-39 25 1.12323e+164
-39 26 -1.08716e+164
-39 27 1.05003e+164
-39 28 -1.01189e+164
-39 29 9.72777e+163
-39 30 -9.32723e+163
-39 31 8.91771e+163
-39 32 -8.4996e+163
-39 33 8.07332e+163
-39 34 -7.63928e+163
-39 35 7.19791e+163
-39 36 -6.74963e+163
-39 37 6.29488e+163
-39 38 -5.83409e+163
-39 39 5.36772e+163
-39 40 -4.89622e+163
-39 41 4.42003e+163
-39 42 -3.93961e+163
-39 43 3.45543e+163
-39 44 -2.96795e+163
-39 45 2.47763e+163
-39 46 -1.98495e+163
-39 47 1.49037e+163
-39 48 -9.94371e+162
-39 49 4.97423e+162
-39 50 0
-38 -50 0
-38 -49 -5.0831e+162
-38 -48 1.00347e+163
-38 -47 -1.47072e+163
-38 -46 1.89226e+163
-38 -45 -2.2465e+163
-38 -44 2.5073e+163
-38 -43 -2.64686e+163
-38 -42 2.62972e+163
-38 -41 -2.44645e+163
-38 -40 1.99865e+163
-38 -39 -1.56709e+163
-38 -38 1.33565e+163
-38 -37 -1.84764e+163
-38 -36 2.78616e+163
-38 -35 -4.0497e+163
-38 -34 5.20885e+163
-38 -33 -6.34301e+163
-38 -32 7.3902e+163
-38 -31 -8.34523e+163
-38 -30 9.19906e+163
-38 -29 -9.95533e+163
-38 -28 1.06222e+164
-38 -27 -1.12117e+164
-38 -26 1.17367e+164
-38 -25 -1.22097e+164
-38 -24 1.26414e+164
-38 -23 -1.30405e+164
-38 -22 1.34135e+164
-38 -21 -1.37649e+164
-38 -20 1.40977e+164
-38 -19 -1.44137e+164
-38 -18 1.47137e+164
-38 -17 -1.49983e+164
-38 -16 1.52676e+164
-38 -15 -1.55215e+164
-38 -14 1.57598e+164
-38 -13 -1.59823e+164
-38 -12 1.61889e+164
-38 -11 -1.63794e+164
-38 -10 1.65536e+164
-38 -9 -1.67113e+164
-38 -8 1.68523e+164
-38 -7 -1.69766e+164
-38 -6 1.7084e+164
-38 -5 -1.71744e+164
-38 -4 1.72478e+164
-38 -3 -1.7304e+164
-38 -2 1.73431e+164
-38 -1 -1.73649e+164
-38 0 1.73696e+164
-38 1 -1.7357e+164
-38 2 1.73273e+164
-38 3 -1.72804e+164
-38 4 1.72164e+164
-38 5 -1.71355e+164
-38 6 1.70376e+164
-38 7 -1.6923e+164
-38 8 1.67916e+164
-38 9 -1.66438e+164
-38 10 1.64795e+164
-38 11 -1.62991e+164
-38 12 1.61027e+164
-38 13 -1.58905e+164
-38 14 1.56627e+164
-38 15 -1.54196e+164
-38 16 1.51615e+164
-38 17 -1.48885e+164
-38 18 1.4601e+164
-38 19 -1.42992e+164
-38 20 1.39835e+164
-38 21 -1.36543e+164
-38 22 1.33117e+164
-38 23 -1.29562e+164
-38 24 1.25882e+164
-38 25 -1.2208e+164
-38 26 1.18159e+164
-38 27 -1.14124e+164
-38 28 1.09979e+164
-38 29 -1.05728e+164
-38 30 1.01375e+164
-38 31 -9.69242e+163
-38 32 9.238e+163
-38 33 -8.7747e+163
-38 34 8.30297e+163
-38 35 -7.82326e+163
-38 36 7.33604e+163
-38 37 -6.84179e+163
-38 38 6.34098e+163
-38 39 -5.83409e+163
-38 40 5.32163e+163
-38 41 -4.80407e+163
-38 42 4.28191e+163
-38 43 -3.75566e+163
-38 44 3.22583e+163
-38 45 -2.69291e+163
-38 46 2.15742e+163
-38 47 -1.61987e+163
-38 48 1.08077e+163
-38 49 -5.40644e+162
-38 50 0
-37 -50 0
-37 -49 5.63717e+162
-37 -48 -1.11704e+163
-37 -47 1.64795e+163
-37 -46 -2.14141e+163
-37 -45 2.57807e+163
-37 -44 -2.93389e+163
-37 -43 3.17956e+163
-37 -42 -3.2843e+163
-37 -41 3.20859e+163
-37 -40 -2.94482e+163
-37 -39 2.37926e+163
-37 -38 -1.84764e+163
-37 -37 1.56213e+163
-37 -36 -2.14635e+163
-37 -35 3.21772e+163
-37 -34 -4.6518e+163
-37 -33 5.95461e+163
-37 -32 -7.21964e+163
-37 -31 8.37855e+163
-37 -30 -9.42766e+163
-37 -29 1.03587e+164
-37 -28 -1.11775e+164
-37 -27 1.18944e+164
-37 -26 -1.25239e+164
-37 -25 1.30809e+164
-37 -24 -1.35799e+164
-37 -23 1.40331e+164
-37 -22 -1.44501e+164
-37 -21 1.48383e+164
-37 -20 -1.52028e+164
-37 -19 1.55467e+164
-37 -18 -1.58721e+164
-37 -17 1.618e+164
-37 -16 -1.64709e+164
-37 -15 1.6745e+164
-37 -14 -1.70022e+164
-37 -13 1.72424e+164
-37 -12 -1.74654e+164
-37 -11 1.76709e+164
-37 -10 -1.78589e+164
-37 -9 1.80291e+164
-37 -8 -1.81813e+164
-37 -7 1.83154e+164
-37 -6 -1.84313e+164
-37 -5 1.85289e+164
-37 -4 -1.86081e+164
-37 -3 1.86689e+164
-37 -2 -1.87111e+164
-37 -1 1.87347e+164
-37 0 -1.87398e+164
-37 1 1.87263e+164
-37 2 -1.86942e+164
-37 3 1.86437e+164
-37 4 -1.85748e+164
-37 5 1.84875e+164
-37 6 -1.8382e+164
-37 7 1.82583e+164
-37 8 -1.81167e+164
-37 9 1.79572e+164
-37 10 -1.77801e+164
-37 11 1.75854e+164
-37 12 -1.73736e+164
-37 13 1.71447e+164
-37 14 -1.6899e+164
-37 15 1.66367e+164
-37 16 -1.63582e+164
-37 17 1.60637e+164
-37 18 -1.57535e+164
-37 19 1.5428e+164
-37 20 -1.50875e+164
-37 21 1.47322e+164
-37 22 -1.43627e+164
-37 23 1.39792e+164
-37 24 -1.35821e+164
-37 25 1.31719e+164
-37 26 -1.27489e+164
-37 27 1.23136e+164
-37 28 -1.18664e+164
-37 29 1.14077e+164
-37 30 -1.0938e+164
-37 31 1.04578e+164
-37 32 -9.96754e+163
-37 33 9.46766e+163
-37 34 -8.95869e+163
-37 35 8.44111e+163
-37 36 -7.91542e+163
-37 37 7.38214e+163
-37 38 -6.84179e+163
-37 39 6.29488e+163
-37 40 -5.74194e+163
-37 41 5.18351e+163
-37 42 -4.62011e+163
-37 43 4.0523e+163
-37 44 -3.48062e+163
-37 45 2.90561e+163
-37 46 -2.32782e+163
-37 47 1.74782e+163
-37 48 -1.16614e+163
-37 49 5.83347e+162
-37 50 0
-36 -50 0
-36 -49 -6.1568e+162
-36 -48 1.22342e+163
-36 -47 -1.81382e+163
-36 -46 2.37458e+163
-36 -45 -2.88924e+163
-36 -44 3.33613e+163
-36 -43 -3.68821e+163
-36 -42 3.91265e+163
-36 -41 -3.97552e+163
-36 -40 3.8331e+163
-36 -39 -3.47995e+163
-36 -38 2.78616e+163
-36 -37 -2.14635e+163
-36 -36 1.80233e+163
-36 -35 -2.46202e+163
-36 -34 3.67224e+163
-36 -33 -5.28386e+163
-36 -32 6.73505e+163
-36 -31 -8.13434e+163
-36 -30 9.4069e+163
-36 -29 -1.05508e+164
-36 -28 1.15589e+164
-36 -27 -1.24391e+164
-36 -26 1.32045e+164
-36 -25 -1.38719e+164
-36 -24 1.44587e+164
-36 -23 -1.49812e+164
-36 -22 1.54531e+164
-36 -21 -1.58853e+164
-36 -20 1.62859e+164
-36 -19 -1.66605e+164
-36 -18 1.70127e+164
-36 -17 -1.73446e+164
-36 -16 1.76575e+164
-36 -15 -1.79518e+164
-36 -14 1.82278e+164
-36 -13 -1.84855e+164
-36 -12 1.87246e+164
-36 -11 -1.89451e+164
-36 -10 1.91466e+164
-36 -9 -1.93291e+164
-36 -8 1.94924e+164
-36 -7 -1.96362e+164
-36 -6 1.97606e+164
-36 -5 -1.98653e+164
-36 -4 1.99503e+164
-36 -3 -2.00154e+164
-36 -2 2.00607e+164
-36 -1 -2.00861e+164
-36 0 2.00916e+164
-36 1 -2.00772e+164
-36 2 2.0043e+164
-36 3 -1.99889e+164
-36 4 1.9915e+164
-36 5 -1.98215e+164
-36 6 1.97084e+164
-36 7 -1.95759e+164
-36 8 1.94241e+164
-36 9 -1.92531e+164
-36 10 1.90633e+164
-36 11 -1.88547e+164
-36 12 1.86276e+164
-36 13 -1.83822e+164
-36 14 1.81188e+164
-36 15 -1.78377e+164
-36 16 1.75391e+164
-36 17 -1.72234e+164
-36 18 1.68909e+164
-36 19 -1.65419e+164
-36 20 1.61768e+164
-36 21 -1.5796e+164
-36 22 1.53998e+164
-36 23 -1.49886e+164
-36 24 1.45629e+164
-36 25 -1.41231e+164
-36 26 1.36696e+164
-36 27 -1.32029e+164
-36 28 1.27234e+164
-36 29 -1.22316e+164
-36 30 1.17281e+164
-36 31 -1.12132e+164
-36 32 1.06875e+164
-36 33 -1.01515e+164
-36 34 9.60582e+163
-36 35 -9.05086e+163
-36 36 8.48721e+163
-36 37 -7.91542e+163
-36 38 7.33604e+163
-36 39 -6.74963e+163
-36 40 6.15675e+163
-36 41 -5.55798e+163
-36 42 4.95389e+163
-36 43 -4.34506e+163
-36 44 3.73208e+163
-36 45 -3.11553e+163
-36 46 2.496e+163
-36 47 -1.87409e+163
-36 48 1.25039e+163
-36 49 -6.25493e+162
-36 50 0
-35 -50 0
-35 -49 6.64442e+162
-35 -48 -1.32301e+163
-35 -47 1.96856e+163
-35 -46 -2.59141e+163
-35 -45 3.17806e+163
-35 -44 -3.71001e+163
-35 -43 4.16283e+163
-35 -42 -4.50618e+163
-35 -41 4.70353e+163
-35 -40 -4.71771e+163
-35 -39 4.50074e+163
-35 -38 -4.0497e+163
-35 -37 3.21772e+163
-35 -36 -2.46202e+163
-35 -35 2.05531e+163
-35 -34 -2.7934e+163
-35 -33 4.14789e+163
-35 -32 -5.94337e+163
-35 -31 7.54707e+163
-35 -30 -9.08346e+163
-35 -29 1.04712e+164
-35 -28 -1.17103e+164
-35 -27 1.27948e+164
-35 -26 -1.37352e+164
-35 -25 1.45472e+164
-35 -24 -1.52504e+164
-35 -23 1.58645e+164
-35 -22 -1.64078e+164
-35 -21 1.68958e+164
-35 -20 -1.73404e+164
-35 -19 1.77506e+164
-35 -18 -1.81325e+164
-35 -17 1.849e+164
-35 -16 -1.88255e+164
-35 -15 1.91404e+164
-35 -14 -1.94352e+164
-35 -13 1.97102e+164
-35 -12 -1.99653e+164
-35 -11 2.02005e+164
-35 -10 -2.04155e+164
-35 -9 2.06101e+164
-35 -8 -2.07843e+164
-35 -7 2.09378e+164
-35 -6 -2.10704e+164
-35 -5 2.11821e+164
-35 -4 -2.12728e+164
-35 -3 2.13424e+164
-35 -2 -2.13907e+164
-35 -1 2.14179e+164
-35 0 -2.14238e+164
-35 1 2.14085e+164
-35 2 -2.13721e+164
-35 3 2.13145e+164
-35 4 -2.12358e+164
-35 5 2.11361e+164
-35 6 -2.10156e+164
-35 7 2.08744e+164
-35 8 -2.07126e+164
-35 9 2.05304e+164
-35 10 -2.0328e+164
-35 11 2.01056e+164
-35 12 -1.98635e+164
-35 13 1.96019e+164
-35 14 -1.93211e+164
-35 15 1.90214e+164
-35 16 -1.87031e+164
-35 17 1.83665e+164
-35 18 -1.80119e+164
-35 19 1.76398e+164
-35 20 -1.72505e+164
-35 21 1.68445e+164
-35 22 -1.6422e+164
-35 23 1.59836e+164
-35 24 -1.55297e+164
-35 25 1.50607e+164
-35 26 -1.45771e+164
-35 27 1.40795e+164
-35 28 -1.35682e+164
-35 29 1.30438e+164
-35 30 -1.25068e+164
-35 31 1.19578e+164
-35 32 -1.13972e+164
-35 33 1.08257e+164
-35 34 -1.02437e+164
-35 35 9.65192e+163
-35 36 -9.05086e+163
-35 37 8.44111e+163
-35 38 -7.82326e+163
-35 39 7.19791e+163
-35 40 -6.56566e+163
-35 41 5.92713e+163
-35 42 -5.28292e+163
-35 43 4.63366e+163
-35 44 -3.97997e+163
-35 45 3.32247e+163
-35 46 -2.66179e+163
-35 47 1.99857e+163
-35 48 -1.33344e+163
-35 49 6.6704e+162
-35 50 0
-34 -50 0
-34 -49 -7.10413e+162
-34 -48 1.41657e+163
-34 -47 -2.11319e+163
-34 -46 2.79291e+163
-34 -45 -3.44503e+163
-34 -44 4.05438e+163
-34 -43 -4.60008e+163
-34 -42 5.05471e+163
-34 -41 -5.38448e+163
-34 -40 5.54903e+163
-34 -39 -5.50793e+163
-34 -38 5.20885e+163
-34 -37 -4.6518e+163
-34 -36 3.67224e+163
-34 -35 -2.7934e+163
-34 -34 2.32005e+163
-34 -33 -3.13917e+163
-34 -32 4.64279e+163
-34 -31 -6.62769e+163
-34 -30 8.38746e+163
-34 -29 -1.00632e+164
-34 -28 1.15671e+164
-34 -27 -1.29014e+164
-34 -26 1.40615e+164
-34 -25 -1.50606e+164
-34 -24 1.59173e+164
-34 -23 -1.66539e+164
-34 -22 1.72928e+164
-34 -21 -1.78543e+164
-34 -20 1.83555e+164
-34 -19 -1.88097e+164
-34 -18 1.92265e+164
-34 -17 -1.96127e+164
-34 -16 1.99726e+164
-34 -15 -2.03089e+164
-34 -14 2.06228e+164
-34 -13 -2.09152e+164
-34 -12 2.11862e+164
-34 -11 -2.14359e+164
-34 -10 2.16642e+164
-34 -9 -2.18708e+164
-34 -8 2.20557e+164
-34 -7 -2.22187e+164
-34 -6 2.23595e+164
-34 -5 -2.24782e+164
-34 -4 2.25745e+164
-34 -3 -2.26483e+164
-34 -2 2.26998e+164
-34 -1 -2.27287e+164
-34 0 2.27351e+164
-34 1 -2.27189e+164
-34 2 2.26803e+164
-34 3 -2.26192e+164
-34 4 2.25358e+164
-34 5 -2.24301e+164
-34 6 2.23023e+164
-34 7 -2.21525e+164
-34 8 2.19809e+164
-34 9 -2.17876e+164
-34 10 2.15729e+164
-34 11 -2.1337e+164
-34 12 2.10801e+164
-34 13 -2.08026e+164
-34 14 2.05046e+164
-34 15 -2.01866e+164
-34 16 1.98489e+164
-34 17 -1.94917e+164
-34 18 1.91155e+164
-34 19 -1.87207e+164
-34 20 1.83076e+164
-34 21 -1.78767e+164
-34 22 1.74284e+164
-34 23 -1.69632e+164
-34 24 1.64815e+164
-34 25 -1.59838e+164
-34 26 1.54706e+164
-34 27 -1.49425e+164
-34 28 1.43999e+164
-34 29 -1.38434e+164
-34 30 1.32735e+164
-34 31 -1.26908e+164
-34 32 1.20959e+164
-34 33 -1.14894e+164
-34 34 1.08718e+164
-34 35 -1.02437e+164
-34 36 9.60582e+163
-34 37 -8.95869e+163
-34 38 8.30297e+163
-34 39 -7.63928e+163
-34 40 6.96828e+163
-34 41 -6.29059e+163
-34 42 5.60689e+163
-34 43 -4.91781e+163
-34 44 4.22404e+163
-34 45 -3.52622e+163
-34 46 2.82503e+163
-34 47 -2.12114e+163
-34 48 1.41522e+163
-34 49 -7.07947e+162
-34 50 0
-33 -50 0
-33 -49 7.54052e+162
-33 -48 -1.50504e+163
-33 -47 2.24914e+163
-33 -46 -2.98087e+163
-33 -45 3.69208e+163
-33 -44 -4.37076e+163
-33 -43 4.99981e+163
-33 -42 -5.5558e+163
-33 -41 6.00819e+163
-33 -40 -6.31961e+163
-33 -39 6.44578e+163
-33 -38 -6.34301e+163
-33 -37 5.95461e+163
-33 -36 -5.28386e+163
-33 -35 4.14789e+163
-33 -34 -3.13917e+163
-33 -33 2.59551e+163
-33 -32 -3.49795e+163
-33 -31 5.15497e+163
-33 -30 -7.33413e+163
-33 -29 9.25286e+163
-33 -28 -1.10698e+164
-33 -27 1.26904e+164
-33 -26 -1.41195e+164
-33 -25 1.5354e+164
-33 -24 -1.64101e+164
-33 -23 1.73093e+164
-33 -22 -1.80769e+164
-33 -21 1.87379e+164
-33 -20 -1.93149e+164
-33 -19 1.98265e+164
-33 -18 -2.02872e+164
-33 -17 2.07078e+164
-33 -16 -2.10955e+164
-33 -15 2.14549e+164
-33 -14 -2.17888e+164
-33 -13 2.20989e+164
-33 -12 -2.23859e+164
-33 -11 2.26501e+164
-33 -10 -2.28915e+164
-33 -9 2.311e+164
-33 -8 -2.33055e+164
-33 -7 2.34777e+164
-33 -6 -2.36267e+164
-33 -5 2.37521e+164
-33 -4 -2.38539e+164
-33 -3 2.39321e+164
-33 -2 -2.39865e+164
-33 -1 2.40172e+164
-33 0 -2.4024e+164
-33 1 2.40071e+164
-33 2 -2.39663e+164
-33 3 2.39019e+164
-33 4 -2.38138e+164
-33 5 2.37023e+164
-33 6 -2.35673e+164
-33 7 2.34091e+164
-33 8 -2.32278e+164
-33 9 2.30236e+164
-33 10 -2.27968e+164
-33 11 2.25476e+164
-33 12 -2.22763e+164
-33 13 2.1983e+164
-33 14 -2.16683e+164
-33 15 2.13323e+164
-33 16 -2.09754e+164
-33 17 2.05981e+164
-33 18 -2.02006e+164
-33 19 1.97834e+164
-33 20 -1.93469e+164
-33 21 1.88916e+164
-33 22 -1.84179e+164
-33 23 1.79263e+164
-33 24 -1.74173e+164
-33 25 1.68914e+164
-33 26 -1.63492e+164
-33 27 1.57911e+164
-33 28 -1.52177e+164
-33 29 1.46296e+164
-33 30 -1.40274e+164
-33 31 1.34117e+164
-33 32 -1.2783e+164
-33 33 1.21421e+164
-33 34 -1.14894e+164
-33 35 1.08257e+164
-33 36 -1.01515e+164
-33 37 9.46766e+163
-33 38 -8.7747e+163
-33 39 8.07332e+163
-33 40 -7.3642e+163
-33 41 6.64802e+163
-33 42 -5.92547e+163
-33 43 5.19725e+163
-33 44 -4.46405e+163
-33 45 3.72659e+163
-33 46 -2.98555e+163
-33 47 2.24167e+163
-33 48 -1.49564e+163
-33 49 7.48176e+162
-33 50 0
-32 -50 0
-32 -49 -7.95777e+162
-32 -48 1.58933e+163
-32 -47 -2.37788e+163
-32 -46 3.15741e+163
-32 -45 -3.9219e+163
-32 -44 4.66218e+163
-32 -43 -5.36479e+163
-32 -42 6.01053e+163
-32 -41 -6.57335e+163
-32 -40 7.01946e+163
-32 -39 -7.30784e+163
-32 -38 7.3902e+163
-32 -37 -7.21964e+163
-32 -36 6.73505e+163
-32 -35 -5.94337e+163
-32 -34 4.64279e+163
-32 -33 -3.49795e+163
-32 -32 2.88059e+163
-32 -31 -3.86832e+163
-32 -30 5.6824e+163
-32 -29 -8.05987e+163
-32 -28 1.01399e+164
-32 -27 -1.20991e+164
-32 -26 1.38365e+164
-32 -25 -1.53597e+164
-32 -24 1.66672e+164
-32 -23 -1.77784e+164
-32 -22 1.87177e+164
-32 -21 -1.95138e+164
-32 -20 2.01942e+164
-32 -19 -2.07837e+164
-32 -18 2.13028e+164
-32 -17 -2.17673e+164
-32 -16 2.21887e+164
-32 -15 -2.25749e+164
-32 -14 2.29308e+164
-32 -13 -2.32596e+164
-32 -12 2.3563e+164
-32 -11 -2.38417e+164
-32 -10 2.40961e+164
-32 -9 -2.43263e+164
-32 -8 2.45322e+164
-32 -7 -2.47137e+164
-32 -6 2.48705e+164
-32 -5 -2.50027e+164
-32 -4 2.511e+164
-32 -3 -2.51924e+164
-32 -2 2.52498e+164
-32 -1 -2.52821e+164
-32 0 2.52894e+164
-32 1 -2.52717e+164
-32 2 2.52289e+164
-32 3 -2.51612e+164
-32 4 2.50686e+164
-32 5 -2.49512e+164
-32 6 2.48092e+164
-32 7 -2.46428e+164
-32 8 2.4452e+164
-32 9 -2.42372e+164
-32 10 2.39986e+164
-32 11 -2.37363e+164
-32 12 2.34507e+164
-32 13 -2.31421e+164
-32 14 2.28109e+164
-32 15 -2.24572e+164
-32 16 2.20816e+164
-32 17 -2.16844e+164
-32 18 2.12661e+164
-32 19 -2.08269e+164
-32 20 2.03675e+164
-32 21 -1.98883e+164
-32 22 1.93896e+164
-32 23 -1.88722e+164
-32 24 1.83364e+164
-32 25 -1.77828e+164
-32 26 1.7212e+164
-32 27 -1.66245e+164
-32 28 1.60209e+164
-32 29 -1.54018e+164
-32 30 1.47678e+164
-32 31 -1.41196e+164
-32 32 1.34578e+164
-32 33 -1.2783e+164
-32 34 1.20959e+164
-32 35 -1.13972e+164
-32 36 1.06875e+164
-32 37 -9.96754e+163
-32 38 9.238e+163
-32 39 -8.4996e+163
-32 40 7.75305e+163
-32 41 -6.99906e+163
-32 42 6.23837e+163
-32 43 -5.4717e+163
-32 44 4.69979e+163
-32 45 -3.92338e+163
-32 46 3.14322e+163
-32 47 -2.36005e+163
-32 48 1.57462e+163
-32 49 -7.87686e+162
-32 50 0
-31 -50 0
-31 -49 8.3593e+162
-31 -48 -1.67018e+163
-31 -47 2.5007e+163
-31 -46 -3.32456e+163
-31 -45 4.13736e+163
-31 -44 -4.93235e+163
-31 -43 5.69929e+163
-31 -42 -6.42311e+163
-31 -41 7.08251e+163
-31 -40 -7.64868e+163
-31 -39 8.0845e+163
-31 -38 -8.34523e+163
-31 -37 8.37855e+163
-31 -36 -8.13434e+163
-31 -35 7.54707e+163
-31 -34 -6.62769e+163
-31 -33 5.15497e+163
-31 -32 -3.86832e+163
-31 -31 3.17416e+163
-31 -30 -4.24881e+163
-31 -29 6.22299e+163
-31 -28 -8.80203e+163
-31 -27 1.10449e+164
-31 -26 -1.31472e+164
-31 -25 1.50011e+164
-31 -24 -1.66171e+164
-31 -23 1.79959e+164
-31 -22 -1.91599e+164
-31 -21 2.0137e+164
-31 -20 -2.09588e+164
-31 -19 2.16558e+164
-31 -18 -2.2255e+164
-31 -17 2.27788e+164
-31 -16 -2.32441e+164
-31 -15 2.36634e+164
-31 -14 -2.40451e+164
-31 -13 2.43947e+164
-31 -12 -2.47154e+164
-31 -11 2.50091e+164
-31 -10 -2.52767e+164
-31 -9 2.55186e+164
-31 -8 -2.57348e+164
-31 -7 2.59253e+164
-31 -6 -2.609e+164
-31 -5 2.62287e+164
-31 -4 -2.63414e+164
-31 -3 2.64279e+164
-31 -2 -2.64882e+164
-31 -1 2.65223e+164
-31 0 -2.65301e+164
-31 1 2.65116e+164
-31 2 -2.64668e+164
-31 3 2.63959e+164
-31 4 -2.62988e+164
-31 5 2.61758e+164
-31 6 -2.6027e+164
-31 7 2.58525e+164
-31 8 -2.56525e+164
-31 9 2.54272e+164
-31 10 -2.51769e+164
-31 11 2.49019e+164
-31 12 -2.46024e+164
-31 13 2.42787e+164
-31 14 -2.39313e+164
-31 15 2.35604e+164
-31 16 -2.31664e+164
-31 17 2.27498e+164
-31 18 -2.23109e+164
-31 19 2.18503e+164
-31 20 -2.13684e+164
-31 21 2.08656e+164
-31 22 -2.03426e+164
-31 23 1.97998e+164
-31 24 -1.92377e+164
-31 25 1.86569e+164
-31 26 -1.80581e+164
-31 27 1.74418e+164
-31 28 -1.68086e+164
-31 29 1.61591e+164
-31 30 -1.5494e+164
-31 31 1.4814e+164
-31 32 -1.41196e+164
-31 33 1.34117e+164
-31 34 -1.26908e+164
-31 35 1.19578e+164
-31 36 -1.12132e+164
-31 37 1.04578e+164
-31 38 -9.69242e+163
