L0= 9.000000 + i8.000000
L1= 6.000000 + i6.000000
L2= 6.000000 + i8.000000
L3= 8.000000 + i8.000000
L4= 9.000000 + i6.000000
